Pt Configuration Matrix- 1st NN
## 32 groups
features=np.array(
['C(C)(H)(=O)', 'C(C)2(=O)', 'C(Pt)4', 'C(C)(Pt)3', 'C(C)(H)2(O)', 'C(C)(H)(O)(Pt)', 'C(C)(Pt)(=O)', 'C(C)(O)(Pt)2', 'C(H)(Pt)3', 'C(H)2(Pt)2', 'C(C)(H)2(Pt)', 'C(C)(H)(Pt)2', 'C(H)2(O)(Pt)', 'C(H)3(Pt)', 'C(C)(H)3', 'C(H)3(O)', 'C(H)(Pt)(=O)', 'C(H)(O)(Pt)2', 'C(Pt)2(=O)', 'C(O)(Pt)3', 'O(H)2', 'O(Pt)2', 'O(H)(Pt)', 'C(H)(O)2(Pt)', 'C(H)(O)(=O)', 'C(O)(Pt)(=O)', 'C(H)4', 'C(C)2(H)(O)', 'C(C)2(O)(Pt)', 'C(C)2(H)2', 'C(C)2(Pt)2', 'C(C)2(H)(Pt)']
)
A1 = np.array([[2., 1., 0., 0., 0., 0., 0., 0., 0., 0., 0., 0., 0., 0., 0., 0., 0., 0., 0., 0., 0., 0., 0., 0., 0., 0., 0., 0., 0., 0., 0., 0.],
       [0., 0., 1., 0., 0., 0., 0., 0., 0., 0., 0., 0., 0., 0., 0., 0., 0., 0., 0., 0., 0., 0., 0., 0., 0., 0., 0., 0., 0., 0., 0., 0.],
       [0., 0., 0., 2., 0., 0., 0., 0., 0., 0., 0., 0., 0., 0., 0., 0., 0., 0., 0., 0., 0., 0., 0., 0., 0., 0., 0., 0., 0., 0., 0., 0.],
       [0., 0., 0., 1., 1., 0., 0., 0., 0., 0., 0., 0., 0., 0., 0., 0., 0., 0., 0., 0., 0., 0., 0., 0., 0., 0., 0., 0., 0., 0., 0., 0.],
       [0., 0., 0., 1., 1., 0., 0., 0., 0., 0., 0., 0., 0., 0., 0., 0., 0., 0., 0., 0., 0., 0., 0., 0., 0., 0., 0., 0., 0., 0., 0., 0.],
       [1., 0., 0., 1., 0., 0., 0., 0., 0., 0., 0., 0., 0., 0., 0., 0., 0., 0., 0., 0., 0., 0., 0., 0., 0., 0., 0., 0., 0., 0., 0., 0.],
       [0., 0., 0., 1., 0., 1., 0., 0., 0., 0., 0., 0., 0., 0., 0., 0., 0., 0., 0., 0., 0., 0., 0., 0., 0., 0., 0., 0., 0., 0., 0., 0.],
       [0., 0., 0., 1., 0., 0., 1., 0., 0., 0., 0., 0., 0., 0., 0., 0., 0., 0., 0., 0., 0., 0., 0., 0., 0., 0., 0., 0., 0., 0., 0., 0.],
       [0., 0., 0., 1., 0., 0., 0., 1., 0., 0., 0., 0., 0., 0., 0., 0., 0., 0., 0., 0., 0., 0., 0., 0., 0., 0., 0., 0., 0., 0., 0., 0.],
       [0., 0., 0., 0., 0., 0., 0., 0., 1., 0., 0., 0., 0., 0., 0., 0., 0., 0., 0., 0., 0., 0., 0., 0., 0., 0., 0., 0., 0., 0., 0., 0.],
       [0., 0., 0., 0., 0., 0., 0., 0., 0., 1., 0., 0., 0., 0., 0., 0., 0., 0., 0., 0., 0., 0., 0., 0., 0., 0., 0., 0., 0., 0., 0., 0.],
       [0., 0., 0., 1., 0., 0., 0., 0., 0., 0., 1., 0., 0., 0., 0., 0., 0., 0., 0., 0., 0., 0., 0., 0., 0., 0., 0., 0., 0., 0., 0., 0.],
       [0., 0., 0., 0., 0., 0., 0., 0., 0., 0., 1., 1., 0., 0., 0., 0., 0., 0., 0., 0., 0., 0., 0., 0., 0., 0., 0., 0., 0., 0., 0., 0.],
       [0., 0., 0., 0., 0., 0., 0., 0., 0., 0., 2., 0., 0., 0., 0., 0., 0., 0., 0., 0., 0., 0., 0., 0., 0., 0., 0., 0., 0., 0., 0., 0.],
       [0., 0., 0., 0., 1., 0., 0., 0., 0., 0., 1., 0., 0., 0., 0., 0., 0., 0., 0., 0., 0., 0., 0., 0., 0., 0., 0., 0., 0., 0., 0., 0.],
       [0., 0., 0., 0., 1., 0., 0., 0., 0., 0., 1., 0., 0., 0., 0., 0., 0., 0., 0., 0., 0., 0., 0., 0., 0., 0., 0., 0., 0., 0., 0., 0.],
       [1., 0., 0., 0., 0., 0., 0., 0., 0., 0., 1., 0., 0., 0., 0., 0., 0., 0., 0., 0., 0., 0., 0., 0., 0., 0., 0., 0., 0., 0., 0., 0.],
       [0., 0., 0., 0., 0., 1., 0., 0., 0., 0., 1., 0., 0., 0., 0., 0., 0., 0., 0., 0., 0., 0., 0., 0., 0., 0., 0., 0., 0., 0., 0., 0.],
       [0., 0., 0., 0., 0., 0., 1., 0., 0., 0., 1., 0., 0., 0., 0., 0., 0., 0., 0., 0., 0., 0., 0., 0., 0., 0., 0., 0., 0., 0., 0., 0.],
       [0., 0., 0., 0., 0., 0., 0., 1., 0., 0., 1., 0., 0., 0., 0., 0., 0., 0., 0., 0., 0., 0., 0., 0., 0., 0., 0., 0., 0., 0., 0., 0.],
       [0., 0., 0., 0., 0., 0., 0., 0., 0., 0., 0., 0., 1., 0., 0., 0., 0., 0., 0., 0., 0., 0., 0., 0., 0., 0., 0., 0., 0., 0., 0., 0.],
       [0., 0., 0., 0., 0., 0., 0., 0., 0., 0., 0., 0., 1., 0., 0., 0., 0., 0., 0., 0., 0., 0., 0., 0., 0., 0., 0., 0., 0., 0., 0., 0.],
       [0., 0., 0., 0., 0., 0., 0., 0., 0., 0., 0., 0., 0., 1., 0., 0., 0., 0., 0., 0., 0., 0., 0., 0., 0., 0., 0., 0., 0., 0., 0., 0.],
       [0., 0., 0., 1., 0., 0., 0., 0., 0., 0., 0., 0., 0., 0., 1., 0., 0., 0., 0., 0., 0., 0., 0., 0., 0., 0., 0., 0., 0., 0., 0., 0.],
       [0., 0., 0., 0., 0., 0., 0., 0., 0., 0., 0., 1., 0., 0., 1., 0., 0., 0., 0., 0., 0., 0., 0., 0., 0., 0., 0., 0., 0., 0., 0., 0.],
       [0., 0., 0., 0., 0., 0., 0., 0., 0., 0., 1., 0., 0., 0., 1., 0., 0., 0., 0., 0., 0., 0., 0., 0., 0., 0., 0., 0., 0., 0., 0., 0.],
       [0., 0., 0., 0., 1., 0., 0., 0., 0., 0., 0., 0., 0., 0., 1., 0., 0., 0., 0., 0., 0., 0., 0., 0., 0., 0., 0., 0., 0., 0., 0., 0.],
       [0., 0., 0., 0., 1., 0., 0., 0., 0., 0., 0., 0., 0., 0., 1., 0., 0., 0., 0., 0., 0., 0., 0., 0., 0., 0., 0., 0., 0., 0., 0., 0.],
       [0., 0., 0., 0., 0., 1., 0., 0., 0., 0., 0., 0., 0., 0., 1., 0., 0., 0., 0., 0., 0., 0., 0., 0., 0., 0., 0., 0., 0., 0., 0., 0.],
       [0., 0., 0., 0., 0., 1., 0., 0., 0., 0., 0., 0., 0., 0., 1., 0., 0., 0., 0., 0., 0., 0., 0., 0., 0., 0., 0., 0., 0., 0., 0., 0.],
       [0., 0., 0., 0., 0., 0., 0., 1., 0., 0., 0., 0., 0., 0., 1., 0., 0., 0., 0., 0., 0., 0., 0., 0., 0., 0., 0., 0., 0., 0., 0., 0.],
       [0., 0., 0., 0., 0., 0., 0., 1., 0., 0., 0., 0., 0., 0., 1., 0., 0., 0., 0., 0., 0., 0., 0., 0., 0., 0., 0., 0., 0., 0., 0., 0.],
       [0., 0., 0., 0., 0., 0., 0., 0., 0., 0., 0., 0., 0., 0., 0., 1., 0., 0., 0., 0., 0., 0., 0., 0., 0., 0., 0., 0., 0., 0., 0., 0.],
       [0., 0., 0., 0., 0., 0., 0., 0., 0., 0., 0., 0., 0., 0., 0., 1., 0., 0., 0., 0., 0., 0., 0., 0., 0., 0., 0., 0., 0., 0., 0., 0.],
       [0., 0., 0., 1., 0., 0., 0., 0., 0., 0., 0., 1., 0., 0., 0., 0., 0., 0., 0., 0., 0., 0., 0., 0., 0., 0., 0., 0., 0., 0., 0., 0.],
       [0., 0., 0., 0., 0., 0., 0., 0., 0., 0., 0., 2., 0., 0., 0., 0., 0., 0., 0., 0., 0., 0., 0., 0., 0., 0., 0., 0., 0., 0., 0., 0.],
       [0., 0., 0., 0., 1., 0., 0., 0., 0., 0., 0., 1., 0., 0., 0., 0., 0., 0., 0., 0., 0., 0., 0., 0., 0., 0., 0., 0., 0., 0., 0., 0.],
       [0., 0., 0., 0., 1., 0., 0., 0., 0., 0., 0., 1., 0., 0., 0., 0., 0., 0., 0., 0., 0., 0., 0., 0., 0., 0., 0., 0., 0., 0., 0., 0.],
       [1., 0., 0., 0., 0., 0., 0., 0., 0., 0., 0., 1., 0., 0., 0., 0., 0., 0., 0., 0., 0., 0., 0., 0., 0., 0., 0., 0., 0., 0., 0., 0.],
       [0., 0., 0., 0., 0., 1., 0., 0., 0., 0., 0., 1., 0., 0., 0., 0., 0., 0., 0., 0., 0., 0., 0., 0., 0., 0., 0., 0., 0., 0., 0., 0.],
       [0., 0., 0., 0., 0., 0., 1., 0., 0., 0., 0., 1., 0., 0., 0., 0., 0., 0., 0., 0., 0., 0., 0., 0., 0., 0., 0., 0., 0., 0., 0., 0.],
       [0., 0., 0., 0., 0., 0., 0., 1., 0., 0., 0., 1., 0., 0., 0., 0., 0., 0., 0., 0., 0., 0., 0., 0., 0., 0., 0., 0., 0., 0., 0., 0.],
       [0., 0., 0., 0., 0., 0., 0., 0., 0., 0., 0., 0., 0., 0., 0., 0., 1., 0., 0., 0., 0., 0., 0., 0., 0., 0., 0., 0., 0., 0., 0., 0.],
       [0., 0., 0., 0., 0., 0., 0., 0., 0., 0., 0., 0., 0., 0., 0., 0., 0., 1., 0., 0., 0., 0., 0., 0., 0., 0., 0., 0., 0., 0., 0., 0.],
       [0., 0., 0., 0., 0., 0., 0., 0., 0., 0., 0., 0., 0., 0., 0., 0., 0., 0., 1., 0., 0., 0., 0., 0., 0., 0., 0., 0., 0., 0., 0., 0.],
       [0., 0., 0., 0., 0., 0., 0., 0., 0., 0., 0., 0., 0., 0., 0., 0., 0., 0., 0., 1., 0., 0., 0., 0., 0., 0., 0., 0., 0., 0., 0., 0.],
       [0., 0., 0., 0., 0., 0., 0., 0., 0., 0., 0., 0., 0., 0., 0., 0., 0., 0., 0., 0., 1., 0., 0., 0., 0., 0., 0., 0., 0., 0., 0., 0.],
       [0., 0., 0., 0., 0., 0., 0., 0., 0., 0., 0., 0., 0., 0., 0., 0., 0., 0., 0., 0., 0., 1., 0., 0., 0., 0., 0., 0., 0., 0., 0., 0.],
       [0., 0., 0., 0., 0., 0., 0., 0., 0., 0., 0., 0., 0., 0., 0., 0., 0., 0., 0., 0., 0., 0., 1., 0., 0., 0., 0., 0., 0., 0., 0., 0.],
       [0., 0., 0., 0., 0., 0., 0., 0., 0., 0., 0., 0., 0., 0., 0., 0., 0., 0., 0., 0., 0., 0., 0., 1., 0., 0., 0., 0., 0., 0., 0., 0.],
       [0., 0., 0., 0., 0., 0., 0., 0., 0., 0., 0., 0., 0., 0., 0., 0., 0., 0., 0., 0., 0., 0., 0., 0., 1., 0., 0., 0., 0., 0., 0., 0.],
       [0., 0., 0., 0., 0., 0., 0., 0., 0., 0., 0., 0., 0., 0., 0., 0., 0., 0., 0., 0., 0., 0., 0., 0., 0., 1., 0., 0., 0., 0., 0., 0.],
       [0., 0., 0., 0., 0., 0., 0., 0., 0., 0., 0., 0., 0., 0., 0., 0., 0., 0., 0., 0., 0., 0., 0., 0., 0., 0., 1., 0., 0., 0., 0., 0.],
       [0., 0., 0., 0., 1., 1., 0., 0., 0., 0., 0., 0., 0., 0., 0., 0., 0., 0., 0., 0., 0., 0., 0., 0., 0., 0., 0., 2., 0., 0., 0., 0.],
       [1., 0., 0., 0., 1., 0., 0., 0., 0., 0., 0., 0., 0., 0., 0., 0., 0., 0., 0., 0., 0., 0., 0., 0., 0., 0., 0., 1., 1., 0., 0., 0.],
       [1., 0., 0., 0., 1., 0., 0., 0., 0., 0., 0., 0., 0., 0., 0., 0., 0., 0., 0., 0., 0., 0., 0., 0., 0., 0., 0., 1., 1., 0., 0., 0.],
       [1., 0., 0., 0., 1., 0., 0., 0., 0., 0., 0., 0., 0., 0., 0., 0., 0., 0., 0., 0., 0., 0., 0., 0., 0., 0., 0., 2., 0., 0., 0., 0.],
       [0., 1., 0., 0., 1., 1., 0., 0., 0., 0., 0., 0., 0., 0., 0., 0., 0., 0., 0., 0., 0., 0., 0., 0., 0., 0., 0., 1., 0., 0., 0., 0.],
       [2., 0., 0., 0., 0., 0., 0., 0., 0., 0., 0., 0., 0., 0., 0., 0., 0., 0., 0., 0., 0., 0., 0., 0., 0., 0., 0., 2., 0., 0., 0., 0.],
       [0., 0., 0., 0., 1., 0., 1., 0., 0., 0., 0., 0., 0., 0., 0., 0., 0., 0., 0., 0., 0., 0., 0., 0., 0., 0., 0., 1., 1., 0., 0., 0.],
       [1., 1., 0., 0., 0., 0., 0., 0., 0., 0., 0., 0., 0., 0., 1., 0., 0., 0., 0., 0., 0., 0., 0., 0., 0., 0., 0., 0., 1., 0., 0., 0.],
       [1., 1., 0., 0., 1., 0., 0., 0., 0., 0., 0., 0., 0., 0., 0., 0., 0., 0., 0., 0., 0., 0., 0., 0., 0., 0., 0., 0., 1., 0., 0., 0.],
       [1., 1., 0., 0., 0., 0., 0., 0., 0., 0., 1., 0., 0., 0., 0., 0., 0., 0., 0., 0., 0., 0., 0., 0., 0., 0., 0., 0., 0., 1., 0., 0.],
       [1., 1., 0., 0., 0., 1., 0., 0., 0., 0., 0., 0., 0., 0., 0., 0., 0., 0., 0., 0., 0., 0., 0., 0., 0., 0., 0., 0., 1., 0., 0., 0.],
       [0., 1., 0., 0., 1., 0., 1., 0., 0., 0., 0., 0., 0., 0., 0., 0., 0., 0., 0., 0., 0., 0., 0., 0., 0., 0., 0., 0., 1., 0., 0., 0.],
       [1., 1., 0., 0., 0., 0., 0., 1., 0., 0., 0., 0., 0., 0., 0., 0., 0., 0., 0., 0., 0., 0., 0., 0., 0., 0., 0., 0., 1., 0., 0., 0.],
       [0., 1., 0., 0., 1., 0., 1., 0., 0., 0., 0., 0., 0., 0., 0., 0., 0., 0., 0., 0., 0., 0., 0., 0., 0., 0., 0., 0., 1., 0., 0., 0.],
       [0., 1., 0., 0., 1., 1., 0., 0., 0., 0., 0., 0., 0., 0., 0., 0., 0., 0., 0., 0., 0., 0., 0., 0., 0., 0., 0., 0., 1., 0., 0., 0.],
       [1., 1., 0., 0., 1., 0., 0., 0., 0., 0., 0., 0., 0., 0., 0., 0., 0., 0., 0., 0., 0., 0., 0., 0., 0., 0., 0., 0., 0., 1., 0., 0.],
       [0., 1., 0., 2., 0., 0., 0., 0., 0., 0., 0., 0., 0., 0., 0., 0., 0., 0., 0., 0., 0., 0., 0., 0., 0., 0., 0., 0., 0., 1., 0., 0.],
       [0., 1., 0., 0., 2., 0., 0., 0., 0., 0., 0., 0., 0., 0., 0., 0., 0., 0., 0., 0., 0., 0., 0., 0., 0., 0., 0., 0., 0., 0., 1., 0.],
       [0., 1., 0., 1., 0., 0., 0., 0., 0., 0., 1., 0., 0., 0., 0., 0., 0., 0., 0., 0., 0., 0., 0., 0., 0., 0., 0., 0., 1., 0., 0., 0.],
       [0., 1., 0., 0., 1., 0., 0., 0., 0., 0., 0., 0., 0., 0., 1., 0., 0., 0., 0., 0., 0., 0., 0., 0., 0., 0., 0., 0., 1., 0., 0., 0.],
       [0., 1., 0., 0., 0., 1., 1., 0., 0., 0., 0., 0., 0., 0., 0., 0., 0., 0., 0., 0., 0., 0., 0., 0., 0., 0., 0., 0., 0., 0., 0., 1.],
       [0., 1., 0., 0., 0., 0., 0., 0., 0., 0., 1., 0., 0., 0., 1., 0., 0., 0., 0., 0., 0., 0., 0., 0., 0., 0., 0., 0., 0., 0., 0., 1.],
       [0., 1., 0., 0., 0., 0., 0., 0., 0., 0., 1., 1., 0., 0., 0., 0., 0., 0., 0., 0., 0., 0., 0., 0., 0., 0., 0., 0., 0., 0., 1., 0.],
       [0., 1., 0., 2., 0., 0., 0., 0., 0., 0., 0., 0., 0., 0., 0., 0., 0., 0., 0., 0., 0., 0., 0., 0., 0., 0., 0., 0., 0., 0., 1., 0.],
       [0., 1., 0., 0., 0., 0., 0., 1., 0., 0., 0., 0., 0., 0., 1., 0., 0., 0., 0., 0., 0., 0., 0., 0., 0., 0., 0., 0., 0., 0., 0., 1.],
       [1., 0., 0., 0., 0., 0., 1., 0., 0., 0., 0., 0., 0., 0., 0., 0., 0., 0., 0., 0., 0., 0., 0., 0., 0., 0., 0., 0., 1., 0., 0., 1.],
       [0., 0., 0., 0., 0., 0., 1., 1., 0., 0., 0., 0., 0., 0., 0., 0., 0., 0., 0., 0., 0., 0., 0., 0., 0., 0., 0., 0., 1., 0., 0., 1.],
       [0., 1., 0., 0., 0., 0., 2., 0., 0., 0., 0., 0., 0., 0., 0., 0., 0., 0., 0., 0., 0., 0., 0., 0., 0., 0., 0., 0., 0., 0., 1., 0.],
       [0., 0., 0., 0., 0., 1., 0., 0., 0., 0., 0., 0., 0., 0., 1., 0., 0., 0., 0., 0., 0., 0., 0., 0., 0., 0., 0., 1., 0., 0., 1., 0.],
       [0., 0., 0., 0., 0., 1., 1., 0., 0., 0., 0., 0., 0., 0., 0., 0., 0., 0., 0., 0., 0., 0., 0., 0., 0., 0., 0., 1., 1., 0., 0., 0.],
       [0., 0., 0., 0., 2., 0., 0., 0., 0., 0., 0., 0., 0., 0., 0., 0., 0., 0., 0., 0., 0., 0., 0., 0., 0., 0., 0., 0., 1., 1., 0., 0.],
       [0., 0., 0., 1., 0., 0., 0., 0., 0., 0., 0., 0., 0., 0., 1., 0., 0., 0., 0., 0., 0., 0., 0., 0., 0., 0., 0., 1., 0., 1., 0., 0.],
       [0., 0., 0., 1., 0., 0., 0., 0., 0., 0., 1., 0., 0., 0., 0., 0., 0., 0., 0., 0., 0., 0., 0., 0., 0., 0., 0., 1., 0., 0., 1., 0.],
       [1., 0., 0., 0., 0., 0., 0., 0., 0., 0., 0., 0., 0., 0., 1., 0., 0., 0., 0., 0., 0., 0., 0., 0., 0., 0., 0., 0., 2., 0., 0., 0.],
       [0., 0., 0., 0., 0., 0., 0., 2., 0., 0., 0., 0., 0., 0., 0., 0., 0., 0., 0., 0., 0., 0., 0., 0., 0., 0., 0., 0., 1., 1., 0., 0.],
       [0., 1., 0., 1., 0., 0., 1., 0., 0., 0., 0., 0., 0., 0., 0., 0., 0., 0., 0., 0., 0., 0., 0., 0., 0., 0., 0., 0., 1., 0., 0., 0.],
       [2., 0., 0., 0., 0., 0., 0., 0., 0., 0., 0., 0., 0., 0., 0., 0., 0., 0., 0., 0., 0., 0., 0., 0., 0., 0., 0., 0., 1., 0., 1., 0.],
       [0., 1., 0., 0., 0., 0., 2., 0., 0., 0., 0., 0., 0., 0., 0., 0., 0., 0., 0., 0., 0., 0., 0., 0., 0., 0., 0., 0., 0., 0., 1., 0.],
       [1., 0., 0., 0., 0., 0., 0., 0., 0., 0., 0., 1., 0., 0., 0., 0., 0., 0., 0., 0., 0., 0., 0., 0., 0., 0., 0., 0., 1., 0., 1., 0.],
       [0., 1., 0., 0., 0., 1., 0., 0., 0., 0., 1., 0., 0., 0., 0., 0., 0., 0., 0., 0., 0., 0., 0., 0., 0., 0., 0., 0., 0., 0., 1., 0.],
       [0., 1., 0., 0., 1., 1., 0., 0., 0., 0., 0., 0., 0., 0., 0., 0., 0., 0., 0., 0., 0., 0., 0., 0., 0., 0., 0., 0., 0., 0., 0., 1.],
       [0., 0., 0., 0., 0., 1., 0., 0., 0., 0., 0., 1., 0., 0., 0., 0., 0., 0., 0., 0., 0., 0., 0., 0., 0., 0., 0., 0., 0., 1., 0., 1.],
       [1., 0., 0., 0., 1., 0., 0., 0., 0., 0., 0., 0., 0., 0., 0., 0., 0., 0., 0., 0., 0., 0., 0., 0., 0., 0., 0., 1., 0., 1., 0., 0.],
       [0., 0., 0., 0., 0., 1., 0., 1., 0., 0., 0., 0., 0., 0., 0., 0., 0., 0., 0., 0., 0., 0., 0., 0., 0., 0., 0., 0., 0., 1., 1., 0.],
       [0., 1., 0., 0., 0., 0., 1., 0., 0., 0., 0., 0., 0., 0., 1., 0., 0., 0., 0., 0., 0., 0., 0., 0., 0., 0., 0., 0., 1., 0., 0., 0.],
       [1., 0., 0., 0., 0., 1., 0., 0., 0., 0., 0., 0., 0., 0., 0., 0., 0., 0., 0., 0., 0., 0., 0., 0., 0., 0., 0., 0., 0., 1., 1., 0.],
       [0., 1., 0., 0., 1., 0., 1., 0., 0., 0., 0., 0., 0., 0., 0., 0., 0., 0., 0., 0., 0., 0., 0., 0., 0., 0., 0., 0., 1., 0., 0., 0.],
       [0., 1., 0., 0., 0., 0., 1., 0., 0., 0., 0., 1., 0., 0., 0., 0., 0., 0., 0., 0., 0., 0., 0., 0., 0., 0., 0., 0., 0., 1., 0., 0.],
       [0., 0., 0., 0., 1., 0., 0., 1., 0., 0., 0., 0., 0., 0., 0., 0., 0., 0., 0., 0., 0., 0., 0., 0., 0., 0., 0., 0., 0., 1., 0., 1.],
       [0., 1., 0., 0., 0., 0., 0., 1., 0., 0., 0., 1., 0., 0., 0., 0., 0., 0., 0., 0., 0., 0., 0., 0., 0., 0., 0., 0., 0., 0., 1., 0.],
       [1., 1., 0., 0., 0., 1., 0., 0., 0., 0., 0., 0., 0., 0., 0., 0., 0., 0., 0., 0., 0., 0., 0., 0., 0., 0., 0., 0., 0., 0., 1., 0.],
       [0., 1., 0., 0., 0., 2., 0., 0., 0., 0., 0., 0., 0., 0., 0., 0., 0., 0., 0., 0., 0., 0., 0., 0., 0., 0., 0., 0., 0., 0., 0., 1.],
       [1., 0., 0., 0., 0., 0., 0., 0., 0., 0., 1., 0., 0., 0., 0., 0., 0., 0., 0., 0., 0., 0., 0., 0., 0., 0., 0., 0., 0., 0., 0., 2.],
       [0., 1., 0., 0., 0., 2., 0., 0., 0., 0., 0., 0., 0., 0., 0., 0., 0., 0., 0., 0., 0., 0., 0., 0., 0., 0., 0., 0., 0., 0., 0., 1.],
       [0., 1., 0., 0., 0., 2., 0., 0., 0., 0., 0., 0., 0., 0., 0., 0., 0., 0., 0., 0., 0., 0., 0., 0., 0., 0., 0., 0., 0., 1., 0., 0.],
       [1., 0., 0., 0., 0., 0., 1., 0., 0., 0., 0., 0., 0., 0., 0., 0., 0., 0., 0., 0., 0., 0., 0., 0., 0., 0., 0., 0., 0., 0., 0., 2.],
       [0., 1., 0., 0., 0., 0., 0., 1., 0., 0., 1., 0., 0., 0., 0., 0., 0., 0., 0., 0., 0., 0., 0., 0., 0., 0., 0., 0., 0., 1., 0., 0.],
       [0., 1., 0., 0., 0., 1., 0., 1., 0., 0., 0., 0., 0., 0., 0., 0., 0., 0., 0., 0., 0., 0., 0., 0., 0., 0., 0., 0., 0., 1., 0., 0.],
       [0., 1., 0., 0., 0., 0., 0., 0., 0., 0., 0., 1., 0., 0., 1., 0., 0., 0., 0., 0., 0., 0., 0., 0., 0., 0., 0., 0., 0., 0., 0., 1.],
       [1., 0., 0., 0., 0., 0., 1., 0., 0., 0., 0., 0., 0., 0., 0., 0., 0., 0., 0., 0., 0., 0., 0., 0., 0., 0., 0., 0., 0., 1., 0., 1.],
       [0., 1., 0., 0., 1., 0., 0., 0., 0., 0., 0., 0., 0., 0., 1., 0., 0., 0., 0., 0., 0., 0., 0., 0., 0., 0., 0., 0., 0., 2., 0., 0.],
       [0., 0., 0., 0., 1., 0., 0., 0., 0., 0., 0., 0., 0., 0., 1., 0., 0., 0., 0., 0., 0., 0., 0., 0., 0., 0., 0., 1., 0., 2., 0., 0.],
       [0., 0., 0., 0., 0., 1., 0., 1., 0., 0., 0., 0., 0., 0., 0., 0., 0., 0., 0., 0., 0., 0., 0., 0., 0., 0., 0., 0., 0., 0., 0., 2.],
       [0., 1., 0., 0., 0., 0., 0., 0., 0., 0., 0., 1., 0., 0., 1., 0., 0., 0., 0., 0., 0., 0., 0., 0., 0., 0., 0., 0., 1., 0., 0., 0.],
       [1., 1., 0., 0., 0., 0., 1., 0., 0., 0., 0., 0., 0., 0., 0., 0., 0., 0., 0., 0., 0., 0., 0., 0., 0., 0., 0., 0., 0., 1., 0., 0.],
       [0., 1., 0., 0., 0., 0., 1., 0., 0., 0., 0., 0., 0., 0., 1., 0., 0., 0., 0., 0., 0., 0., 0., 0., 0., 0., 0., 1., 0., 0., 0., 0.],
       [0., 1., 0., 0., 0., 1., 0., 0., 0., 0., 0., 0., 0., 0., 1., 0., 0., 0., 0., 0., 0., 0., 0., 0., 0., 0., 0., 0., 0., 1., 0., 0.],
       [0., 0., 0., 0., 1., 0., 0., 0., 0., 0., 1., 0., 0., 0., 0., 0., 0., 0., 0., 0., 0., 0., 0., 0., 0., 0., 0., 0., 0., 0., 0., 2.],
       [0., 0., 0., 0., 1., 0., 0., 0., 0., 0., 1., 0., 0., 0., 0., 0., 0., 0., 0., 0., 0., 0., 0., 0., 0., 0., 0., 0., 1., 1., 0., 0.],
       [0., 1., 0., 0., 1., 0., 1., 0., 0., 0., 0., 0., 0., 0., 0., 0., 0., 0., 0., 0., 0., 0., 0., 0., 0., 0., 0., 0., 0., 1., 0., 0.],
       [0., 1., 0., 1., 0., 0., 0., 1., 0., 0., 0., 0., 0., 0., 0., 0., 0., 0., 0., 0., 0., 0., 0., 0., 0., 0., 0., 0., 0., 0., 0., 0.],
       [0., 1., 0., 1., 0., 0., 0., 0., 0., 0., 1., 0., 0., 0., 0., 0., 0., 0., 0., 0., 0., 0., 0., 0., 0., 0., 0., 0., 0., 0., 0., 1.],
       [0., 1., 0., 1., 0., 0., 0., 0., 0., 0., 0., 1., 0., 0., 0., 0., 0., 0., 0., 0., 0., 0., 0., 0., 0., 0., 0., 0., 0., 0., 0., 0.],
       [0., 1., 0., 1., 0., 0., 0., 0., 0., 0., 1., 0., 0., 0., 0., 0., 0., 0., 0., 0., 0., 0., 0., 0., 0., 0., 0., 0., 0., 0., 0., 0.],
       [0., 1., 0., 0., 0., 0., 0., 0., 0., 0., 0., 0., 0., 0., 2., 0., 0., 0., 0., 0., 0., 0., 0., 0., 0., 0., 0., 0., 1., 0., 0., 1.],
       [0., 1., 0., 0., 0., 0., 0., 0., 0., 0., 0., 0., 0., 0., 2., 0., 0., 0., 0., 0., 0., 0., 0., 0., 0., 0., 0., 0., 2., 0., 0., 0.],
       [0., 1., 0., 0., 0., 0., 0., 0., 0., 0., 1., 0., 0., 0., 1., 0., 0., 0., 0., 0., 0., 0., 0., 0., 0., 0., 0., 1., 1., 0., 0., 0.],
       [0., 1., 0., 0., 0., 0., 0., 0., 0., 0., 1., 0., 0., 0., 1., 0., 0., 0., 0., 0., 0., 0., 0., 0., 0., 0., 0., 0., 2., 0., 0., 1.],
       [0., 0., 0., 0., 0., 0., 0., 0., 0., 0., 0., 0., 0., 0., 2., 0., 0., 0., 0., 0., 0., 0., 0., 0., 0., 0., 0., 0., 1., 0., 1., 0.],
       [0., 1., 0., 0., 0., 0., 0., 0., 0., 0., 0., 1., 0., 0., 1., 0., 0., 0., 0., 0., 0., 0., 0., 0., 0., 0., 0., 0., 0., 1., 1., 0.],
       [0., 1., 0., 0., 0., 0., 0., 0., 0., 0., 1., 0., 0., 0., 1., 0., 0., 0., 0., 0., 0., 0., 0., 0., 0., 0., 0., 0., 0., 1., 1., 0.],
       [0., 0., 0., 1., 1., 0., 0., 0., 0., 0., 0., 0., 0., 0., 0., 0., 0., 0., 0., 0., 0., 0., 0., 0., 0., 0., 0., 1., 0., 0., 1., 0.],
       [0., 0., 0., 1., 0., 0., 0., 0., 0., 0., 0., 1., 0., 0., 0., 0., 0., 0., 0., 0., 0., 0., 0., 0., 0., 0., 0., 1., 0., 0., 1., 0.],
       [0., 0., 0., 1., 0., 0., 0., 0., 0., 0., 1., 0., 0., 0., 0., 0., 0., 0., 0., 0., 0., 0., 0., 0., 0., 0., 0., 0., 0., 0., 1., 1.],
       [0., 1., 0., 1., 1., 0., 0., 0., 0., 0., 0., 0., 0., 0., 0., 0., 0., 0., 0., 0., 0., 0., 0., 0., 0., 0., 0., 0., 0., 0., 1., 0.],
       [0., 0., 0., 1., 1., 0., 0., 0., 0., 0., 0., 0., 0., 0., 0., 0., 0., 0., 0., 0., 0., 0., 0., 0., 0., 0., 0., 1., 0., 0., 1., 0.],
       [1., 0., 0., 1., 0., 0., 0., 0., 0., 0., 0., 0., 0., 0., 0., 0., 0., 0., 0., 0., 0., 0., 0., 0., 0., 0., 0., 0., 2., 0., 0., 0.],
       [0., 0., 0., 1., 0., 1., 0., 0., 0., 0., 0., 0., 0., 0., 0., 0., 0., 0., 0., 0., 0., 0., 0., 0., 0., 0., 0., 0., 1., 0., 0., 1.],
       [0., 0., 0., 1., 0., 0., 0., 0., 0., 0., 1., 0., 0., 0., 0., 0., 0., 0., 0., 0., 0., 0., 0., 0., 0., 0., 0., 1., 0., 0., 0., 1.],
       [0., 1., 0., 1., 0., 1., 0., 0., 0., 0., 0., 0., 0., 0., 0., 0., 0., 0., 0., 0., 0., 0., 0., 0., 0., 0., 0., 0., 0., 0., 0., 1.],
       [0., 1., 0., 0., 0., 0., 0., 2., 0., 0., 0., 0., 0., 0., 0., 0., 0., 0., 0., 0., 0., 0., 0., 0., 0., 0., 0., 0., 0., 0., 1., 0.],
       [0., 1., 0., 1., 0., 0., 0., 0., 0., 0., 0., 1., 0., 0., 0., 0., 0., 0., 0., 0., 0., 0., 0., 0., 0., 0., 0., 0., 0., 0., 1., 0.],
       [1., 0., 0., 0., 1., 0., 0., 0., 0., 0., 0., 0., 0., 0., 0., 0., 0., 0., 0., 0., 0., 0., 0., 0., 0., 0., 0., 0., 0., 0., 2., 0.],
       [0., 0., 0., 0., 0., 0., 0., 0., 0., 0., 0., 2., 0., 0., 0., 0., 0., 0., 0., 0., 0., 0., 0., 0., 0., 0., 0., 0., 1., 0., 1., 0.],
       [0., 0., 0., 0., 1., 0., 1., 0., 0., 0., 0., 0., 0., 0., 0., 0., 0., 0., 0., 0., 0., 0., 0., 0., 0., 0., 0., 0., 0., 1., 0., 1.],
       [0., 0., 0., 0., 1., 0., 0., 1., 0., 0., 0., 0., 0., 0., 0., 0., 0., 0., 0., 0., 0., 0., 0., 0., 0., 0., 0., 0., 1., 0., 0., 0.],
       [0., 1., 0., 0., 1., 0., 0., 1., 0., 0., 0., 0., 0., 0., 0., 0., 0., 0., 0., 0., 0., 0., 0., 0., 0., 0., 0., 0., 0., 1., 0., 0.],
       [0., 0., 0., 0., 0., 0., 0., 1., 0., 0., 0., 0., 0., 0., 1., 0., 0., 0., 0., 0., 0., 0., 0., 0., 0., 0., 0., 0., 0., 2., 0., 0.],
       [0., 0., 0., 1., 0., 0., 0., 1., 0., 0., 0., 0., 0., 0., 0., 0., 0., 0., 0., 0., 0., 0., 0., 0., 0., 0., 0., 1., 0., 1., 0., 0.],
       [0., 0., 0., 0., 0., 1., 0., 0., 0., 0., 0., 1., 0., 0., 0., 0., 0., 0., 0., 0., 0., 0., 0., 0., 0., 0., 0., 0., 1., 0., 1., 0.],
       [0., 1., 0., 0., 1., 0., 0., 0., 0., 0., 0., 1., 0., 0., 0., 0., 0., 0., 0., 0., 0., 0., 0., 0., 0., 0., 0., 0., 0., 0., 1., 0.],
       [0., 0., 0., 0., 1., 0., 0., 0., 0., 0., 0., 1., 0., 0., 0., 0., 0., 0., 0., 0., 0., 0., 0., 0., 0., 0., 0., 0., 1., 0., 1., 0.],
       [0., 0., 0., 0., 0., 1., 0., 0., 0., 0., 1., 0., 0., 0., 0., 0., 0., 0., 0., 0., 0., 0., 0., 0., 0., 0., 0., 0., 1., 0., 0., 1.],
       [0., 0., 0., 0., 0., 1., 0., 0., 0., 0., 1., 0., 0., 0., 0., 0., 0., 0., 0., 0., 0., 0., 0., 0., 0., 0., 0., 1., 0., 0., 0., 1.],
       [0., 0., 0., 0., 0., 1., 1., 0., 0., 0., 0., 0., 0., 0., 0., 0., 0., 0., 0., 0., 0., 0., 0., 0., 0., 0., 0., 0., 2., 0., 0., 0.],
       [0., 0., 0., 0., 0., 0., 1., 0., 0., 0., 1., 0., 0., 0., 0., 0., 0., 0., 0., 0., 0., 0., 0., 0., 0., 0., 0., 0., 2., 0., 0., 0.],
       [1., 1., 0., 1., 0., 0., 0., 0., 0., 0., 0., 0., 0., 0., 0., 0., 0., 0., 0., 0., 0., 0., 0., 0., 0., 0., 0., 1., 0., 0., 0., 0.],
       [0., 1., 0., 0., 0., 1., 1., 0., 0., 0., 0., 0., 0., 0., 0., 0., 0., 0., 0., 0., 0., 0., 0., 0., 0., 0., 0., 1., 0., 0., 0., 0.],
       [0., 1., 0., 0., 0., 0., 1., 0., 0., 0., 0., 0., 0., 0., 1., 0., 0., 0., 0., 0., 0., 0., 0., 0., 0., 0., 0., 1., 0., 0., 0., 0.],
       [0., 1., 0., 1., 0., 0., 1., 0., 0., 0., 0., 0., 0., 0., 0., 0., 0., 0., 0., 0., 0., 0., 0., 0., 0., 0., 0., 1., 0., 0., 0., 0.],
       [0., 1., 0., 0., 0., 1., 1., 0., 0., 0., 0., 0., 0., 0., 0., 0., 0., 0., 0., 0., 0., 0., 0., 0., 0., 0., 0., 1., 0., 0., 0., 0.],
       [0., 1., 0., 0., 0., 1., 0., 1., 0., 0., 0., 0., 0., 0., 0., 0., 0., 0., 0., 0., 0., 0., 0., 0., 0., 0., 0., 1., 0., 0., 0., 0.],
       [0., 3., 0., 0., 0., 0., 0., 0., 0., 0., 0., 0., 0., 0., 2., 0., 0., 0., 0., 0., 0., 0., 0., 0., 0., 0., 0., 0., 0., 0., 0., 0.]])

Pt Configuration Matrix- 2nd NN

## 17 features
features=np.array(
['C(C)(Pt)3', 'O(C)(H)', 'O(=C)', 'C(C)(H)2(Pt)', 'C(C)(H)3', 'C(C)(H)(Pt)2', 'C(C)2(H)(O)', 'C(C)(H)2(O)', 'C(C)(H)(O)(Pt)', 'C(C)2(O)(Pt)', 'C(C)(H)(=O)', 'C(C)2(=O)', 'C(C)(Pt)(=O)', 'C(C)2(H)2', 'C(C)(O)(Pt)2', 'C(C)2(Pt)2', 'C(C)2(H)(Pt)']
)
A2 = np.array([[2., 4., 4., 0., 0., 0., 0., 0., 0., 0., 0., 0., 0., 0., 0., 0., 0.],
       [0., 0., 0., 1., 0., 0., 0., 0., 0., 0., 0., 0., 0., 0., 0., 0., 0.],
       [0., 0., 0., 1., 1., 0., 0., 0., 0., 0., 0., 0., 0., 0., 0., 0., 0.],
       [0., 1., 0., 1., 0., 0., 0., 0., 0., 0., 0., 0., 0., 0., 0., 0., 0.],
       [0., 0., 0., 1., 1., 0., 0., 0., 0., 0., 0., 0., 0., 0., 0., 0., 0.],
       [0., 1., 0., 1., 0., 0., 0., 0., 0., 0., 0., 0., 0., 0., 0., 0., 0.],
       [0., 0., 0., 1., 1., 0., 0., 0., 0., 0., 0., 0., 0., 0., 0., 0., 0.],
       [0., 0., 0., 0., 0., 1., 0., 0., 0., 0., 0., 0., 0., 0., 0., 0., 0.],
       [0., 0., 0., 0., 1., 1., 0., 0., 0., 0., 0., 0., 0., 0., 0., 0., 0.],
       [0., 1., 0., 0., 0., 1., 0., 0., 0., 0., 0., 0., 0., 0., 0., 0., 0.],
       [0., 0., 0., 0., 1., 1., 0., 0., 0., 0., 0., 0., 0., 0., 0., 0., 0.],
       [0., 1., 0., 0., 0., 1., 0., 0., 0., 0., 0., 0., 0., 0., 0., 0., 0.],
       [0., 0., 0., 0., 1., 1., 0., 0., 0., 0., 0., 0., 0., 0., 0., 0., 0.],
       [0., 0., 0., 0., 0., 0., 1., 0., 0., 0., 0., 0., 0., 0., 0., 0., 0.],
       [0., 0., 0., 0., 1., 0., 1., 0., 0., 0., 0., 0., 0., 0., 0., 0., 0.],
       [0., 0., 0., 0., 0., 0., 1., 0., 0., 0., 0., 0., 0., 0., 0., 0., 0.],
       [0., 0., 0., 0., 1., 0., 1., 0., 0., 0., 0., 0., 0., 0., 0., 0., 0.],
       [0., 0., 0., 0., 0., 0., 1., 0., 0., 0., 0., 0., 0., 0., 0., 0., 0.],
       [0., 0., 0., 0., 1., 0., 1., 0., 0., 0., 0., 0., 0., 0., 0., 0., 0.],
       [0., 0., 0., 0., 0., 0., 0., 1., 0., 0., 0., 0., 0., 0., 0., 0., 0.],
       [0., 0., 0., 0., 1., 0., 0., 1., 0., 0., 0., 0., 0., 0., 0., 0., 0.],
       [0., 1., 0., 0., 0., 0., 0., 1., 0., 0., 0., 0., 0., 0., 0., 0., 0.],
       [0., 0., 0., 0., 1., 0., 0., 1., 0., 0., 0., 0., 0., 0., 0., 0., 0.],
       [0., 1., 0., 0., 0., 0., 0., 1., 0., 0., 0., 0., 0., 0., 0., 0., 0.],
       [0., 0., 0., 0., 1., 0., 0., 1., 0., 0., 0., 0., 0., 0., 0., 0., 0.],
       [0., 1., 0., 0., 0., 0., 0., 0., 0., 0., 0., 0., 0., 0., 0., 0., 0.],
       [0., 1., 0., 0., 1., 0., 0., 0., 0., 0., 0., 0., 0., 0., 0., 0., 0.],
       [0., 0., 0., 0., 3., 0., 0., 0., 6., 2., 2., 0., 0., 0., 0., 0., 0.],
       [0., 1., 2., 0., 3., 0., 0., 0., 3., 2., 0., 3., 0., 0., 0., 0., 0.],
       [0., 1., 2., 0., 3., 0., 0., 0., 3., 2., 0., 3., 0., 0., 0., 0., 0.],
       [0., 1., 2., 0., 5., 0., 0., 0., 6., 2., 0., 0., 0., 0., 0., 0., 0.],
       [3., 2., 0., 0., 2., 0., 0., 0., 3., 2., 2., 0., 0., 0., 0., 0., 0.],
       [0., 2., 4., 0., 4., 0., 0., 0., 6., 0., 0., 0., 0., 0., 0., 0., 0.],
       [0., 1., 0., 0., 1., 0., 0., 0., 3., 2., 0., 3., 2., 0., 0., 0., 0.],
       [2., 3., 2., 0., 0., 0., 2., 0., 0., 0., 0., 3., 0., 0., 0., 0., 0.],
       [3., 3., 2., 0., 1., 0., 0., 0., 0., 2., 0., 3., 0., 0., 0., 0., 0.],
       [1., 3., 1., 0., 0., 2., 0., 0., 0., 0., 0., 0., 0., 3., 0., 0., 0.],
       [3., 3., 2., 0., 0., 0., 0., 0., 0., 0., 2., 3., 0., 0., 0., 0., 0.],
       [3., 3., 0., 0., 0., 0., 0., 0., 0., 2., 0., 3., 2., 0., 0., 0., 0.],
       [3., 3., 2., 0., 1., 0., 0., 0., 0., 0., 0., 3., 0., 0., 2., 0., 0.],
       [3., 3., 0., 0., 1., 0., 0., 0., 0., 2., 0., 3., 2., 0., 0., 0., 0.],
       [3., 2., 0., 0., 0., 0., 0., 0., 0., 2., 2., 3., 0., 0., 0., 0., 0.],
       [2., 3., 1., 0., 1., 0., 0., 0., 0., 2., 0., 0., 0., 3., 0., 0., 0.],
       [1., 2., 0., 3., 0., 0., 0., 0., 0., 0., 0., 0., 0., 2., 0., 0., 0.],
       [2., 2., 0., 0., 1., 0., 0., 0., 0., 3., 0., 0., 0., 0., 0., 3., 0.],
       [2., 2., 0., 2., 2., 2., 0., 0., 0., 0., 0., 2., 0., 0., 0., 0., 0.],
       [2., 2., 0., 0., 1., 0., 2., 0., 0., 2., 0., 3., 0., 0., 0., 0., 0.],
       [2., 3., 0., 0., 1., 0., 0., 0., 0., 0., 2., 0., 1., 0., 0., 0., 3.],
       [1., 2., 0., 0., 0., 2., 1., 0., 0., 0., 0., 0., 0., 0., 0., 0., 2.],
       [1., 2., 0., 0., 0., 1., 0., 2., 0., 0., 0., 0., 0., 0., 0., 2., 0.],
       [1., 2., 0., 3., 0., 0., 0., 0., 0., 0., 0., 0., 0., 0., 0., 2., 0.],
       [2., 2., 0., 0., 0., 0., 1., 0., 0., 0., 0., 0., 0., 0., 2., 0., 2.],
       [0., 2., 2., 0., 2., 0., 0., 0., 0., 0., 0., 2., 1., 0., 0., 0., 3.],
       [0., 1., 0., 0., 3., 0., 0., 0., 0., 0., 0., 2., 2., 0., 1., 0., 3.],
       [2., 4., 0., 0., 0., 0., 0., 0., 0., 0., 0., 0., 3., 0., 0., 3., 0.],
       [0., 0., 0., 0., 1., 0., 2., 0., 1., 0., 1., 0., 0., 0., 0., 3., 0.],
       [0., 1., 0., 0., 4., 0., 0., 0., 3., 0., 2., 3., 2., 0., 0., 0., 0.],
       [0., 0., 0., 0., 4., 0., 0., 0., 0., 3., 0., 2., 0., 3., 0., 0., 0.],
       [0., 0., 0., 2., 2., 0., 1., 0., 1., 0., 0., 0., 0., 2., 0., 0., 0.],
       [0., 0., 0., 2., 2., 1., 0., 0., 1., 0., 0., 0., 0., 0., 0., 2., 0.],
       [0., 1., 2., 0., 4., 0., 2., 0., 0., 0., 0., 5., 0., 0., 0., 0., 0.],
       [0., 0., 0., 0., 4., 0., 0., 0., 0., 0., 0., 2., 0., 3., 3., 0., 0.],
       [3., 3., 0., 2., 0., 0., 0., 0., 0., 0., 0., 2., 2., 0., 0., 0., 0.],
       [0., 2., 3., 0., 2., 0., 0., 0., 0., 0., 0., 2., 0., 0., 0., 3., 0.],
       [2., 4., 0., 0., 0., 0., 0., 0., 0., 0., 0., 0., 3., 0., 0., 3., 0.],
       [0., 1., 2., 0., 2., 0., 0., 1., 0., 0., 0., 2., 0., 0., 0., 2., 0.],
       [2., 2., 0., 0., 0., 1., 0., 0., 0., 0., 2., 0., 0., 0., 0., 2., 0.],
       [2., 2., 0., 0., 1., 0., 0., 0., 0., 1., 2., 0., 0., 0., 0., 0., 3.],
       [0., 0., 0., 0., 0., 0., 0., 1., 0., 0., 1., 0., 0., 1., 0., 0., 2.],
       [0., 1., 2., 0., 1., 0., 0., 0., 2., 1., 0., 0., 0., 3., 0., 0., 0.],
       [0., 0., 0., 0., 2., 0., 0., 0., 0., 0., 1., 0., 0., 2., 1., 2., 0.],
       [2., 3., 0., 0., 0., 0., 2., 0., 0., 0., 0., 3., 2., 0., 0., 0., 0.],
       [0., 1., 1., 0., 1., 0., 0., 0., 0., 0., 1., 0., 0., 2., 0., 2., 0.],
       [3., 3., 0., 0., 3., 0., 0., 0., 0., 2., 0., 3., 2., 0., 0., 0., 0.],
       [2., 3., 0., 0., 0., 0., 0., 1., 0., 0., 0., 0., 2., 2., 0., 0., 0.],
       [0., 0., 0., 0., 1., 0., 0., 0., 0., 1., 0., 0., 0., 2., 1., 0., 2.],
       [2., 2., 0., 0., 1., 0., 0., 1., 0., 0., 0., 0., 0., 0., 2., 2., 0.],
       [2., 3., 2., 0., 0., 0., 0., 0., 0., 0., 1., 0., 0., 0., 0., 3., 0.],
       [2., 2., 0., 0., 1., 0., 0., 0., 0., 0., 3., 0., 0., 0., 0., 0., 3.],
       [0., 1., 1., 0., 0., 1., 0., 0., 0., 0., 0., 0., 0., 0., 0., 0., 3.],
       [2., 2., 0., 0., 1., 0., 0., 0., 0., 0., 3., 0., 0., 0., 0., 0., 3.],
       [2., 2., 0., 0., 1., 0., 0., 0., 0., 0., 3., 0., 0., 3., 0., 0., 0.],
       [0., 2., 1., 0., 0., 0., 0., 0., 0., 0., 0., 0., 1., 0., 0., 0., 4.],
       [2., 2., 0., 0., 1., 1., 0., 0., 0., 0., 0., 0., 0., 2., 2., 0., 0.],
       [2., 2., 0., 0., 1., 0., 0., 0., 0., 0., 1., 0., 0., 3., 2., 0., 0.],
       [1., 2., 0., 0., 0., 0., 1., 2., 0., 0., 0., 0., 0., 0., 0., 0., 2.],
       [0., 2., 1., 0., 0., 0., 0., 0., 0., 0., 0., 0., 1., 2., 0., 0., 2.],
       [1., 2., 0., 0., 1., 0., 2., 0., 0., 1., 0., 0., 0., 5., 0., 0., 0.],
       [0., 0., 0., 0., 1., 0., 2., 0., 1., 1., 0., 0., 0., 5., 0., 0., 0.],
       [0., 0., 0., 0., 1., 0., 0., 0., 0., 0., 1., 0., 0., 0., 1., 0., 4.],
       [2., 2., 0., 0., 0., 0., 2., 2., 0., 0., 0., 2., 0., 0., 0., 0., 0.],
       [2., 4., 1., 0., 0., 0., 0., 0., 0., 0., 0., 0., 2., 3., 0., 0., 0.],
       [2., 3., 0., 0., 0., 0., 2., 0., 3., 0., 0., 0., 2., 0., 0., 0., 0.],
       [1., 2., 0., 0., 0., 0., 2., 0., 0., 0., 1., 0., 0., 3., 0., 0., 0.],
       [0., 0., 0., 0., 1., 1., 0., 0., 0., 1., 0., 0., 0., 0., 0., 0., 3.],
       [0., 0., 0., 0., 0., 2., 0., 0., 0., 1., 0., 1., 0., 3., 0., 0., 0.],
       [2., 3., 0., 0., 1., 0., 0., 0., 0., 2., 0., 0., 1., 3., 0., 0., 0.],
       [1., 2., 0., 2., 1., 0., 0., 0., 0., 0., 0., 0., 0., 0., 2., 0., 0.],
       [1., 2., 0., 2., 0., 1., 0., 0., 0., 0., 0., 0., 0., 0., 0., 0., 2.],
       [0., 2., 0., 2., 0., 0., 0., 2., 0., 0., 0., 0., 0., 0., 0., 0., 0.],
       [0., 2., 0., 2., 0., 2., 0., 0., 0., 0., 0., 0., 0., 0., 0., 0., 0.],
       [3., 2., 0., 0., 2., 0., 3., 0., 0., 0., 0., 2., 0., 0., 0., 0., 2.],
       [4., 2., 0., 0., 4., 0., 4., 0., 0., 0., 0., 4., 0., 0., 0., 0., 0.],
       [2., 2., 0., 0., 4., 2., 2., 0., 2., 0., 0., 4., 0., 0., 0., 0., 0.],
       [2., 2., 0., 0., 4., 2., 2., 0., 0., 0., 0., 4., 0., 0., 0., 0., 4.],
       [0., 0., 0., 0., 2., 0., 3., 0., 0., 0., 0., 1., 0., 0., 0., 2., 0.],
       [1., 2., 0., 0., 0., 0., 1., 2., 0., 0., 0., 0., 0., 3., 0., 1., 0.],
       [1., 2., 0., 0., 0., 2., 1., 0., 0., 0., 0., 0., 0., 3., 0., 1., 0.],
       [0., 0., 0., 1., 1., 0., 0., 0., 2., 2., 0., 0., 0., 0., 0., 2., 0.],
       [0., 0., 0., 1., 2., 0., 0., 2., 1., 0., 0., 0., 0., 0., 0., 2., 0.],
       [0., 0., 0., 1., 0., 1., 0., 0., 0., 0., 0., 0., 0., 0., 0., 1., 1.],
       [2., 2., 0., 1., 0., 0., 0., 0., 0., 2., 0., 0., 0., 0., 0., 2., 0.],
       [0., 0., 0., 1., 0., 0., 0., 0., 2., 2., 0., 0., 0., 0., 0., 2., 0.],
       [0., 1., 2., 2., 4., 0., 0., 0., 0., 0., 0., 5., 0., 0., 0., 0., 0.],
       [0., 0., 0., 1., 3., 0., 0., 0., 0., 0., 2., 2., 0., 0., 0., 0., 2.],
       [0., 0., 0., 1., 0., 2., 0., 0., 1., 0., 0., 0., 0., 0., 0., 0., 2.],
       [2., 2., 0., 1., 0., 0., 0., 0., 0., 0., 2., 0., 0., 0., 0., 0., 2.],
       [2., 2., 0., 0., 2., 0., 0., 0., 0., 0., 0., 0., 0., 0., 3., 3., 0.],
       [1., 2., 0., 2., 0., 0., 0., 1., 0., 0., 0., 0., 0., 0., 0., 2., 0.],
       [0., 1., 1., 0., 0., 0., 0., 0., 0., 1., 0., 0., 0., 0., 0., 4., 0.],
       [0., 0., 0., 0., 2., 0., 0., 3., 0., 0., 0., 1., 0., 0., 0., 2., 0.],
       [0., 1., 0., 0., 1., 0., 0., 0., 0., 1., 0., 0., 1., 2., 0., 0., 2.],
       [0., 0., 0., 0., 3., 0., 0., 0., 0., 2., 0., 2., 0., 0., 2., 0., 0.],
       [2., 2., 0., 0., 1., 0., 0., 0., 0., 2., 0., 0., 0., 3., 1., 0., 0.],
       [0., 0., 0., 0., 0., 0., 1., 0., 0., 0., 0., 0., 0., 3., 1., 0., 0.],
       [0., 0., 0., 1., 2., 0., 0., 0., 2., 0., 0., 0., 0., 2., 2., 0., 0.],
       [0., 0., 0., 0., 1., 0., 0., 1., 0., 0., 2., 2., 0., 0., 0., 2., 0.],
       [2., 2., 0., 0., 0., 0., 0., 1., 0., 2., 0., 0., 0., 0., 0., 2., 0.],
       [0., 0., 0., 0., 0., 0., 0., 1., 0., 2., 0., 2., 0., 0., 0., 2., 0.],
       [0., 0., 0., 0., 1., 2., 0., 0., 0., 0., 1., 1., 0., 0., 0., 0., 3.],
       [0., 0., 0., 0., 0., 1., 0., 0., 2., 0., 2., 0., 0., 0., 0., 0., 2.],
       [0., 1., 0., 0., 3., 0., 0., 0., 0., 0., 2., 6., 2., 0., 0., 0., 0.],
       [0., 1., 0., 0., 0., 2., 0., 0., 0., 0., 0., 5., 2., 0., 0., 0., 0.],
       [2., 3., 2., 2., 0., 0., 0., 0., 3., 0., 0., 0., 0., 0., 0., 0., 0.],
       [3., 3., 0., 0., 3., 0., 0., 0., 3., 0., 2., 0., 2., 0., 0., 0., 0.],
       [2., 3., 0., 0., 2., 0., 2., 0., 3., 0., 0., 0., 2., 0., 0., 0., 0.],
       [2., 3., 0., 2., 2., 0., 0., 0., 3., 0., 0., 0., 2., 0., 0., 0., 0.],
       [3., 3., 0., 0., 2., 0., 0., 0., 3., 0., 2., 0., 2., 0., 0., 0., 0.],
       [3., 2., 0., 0., 3., 0., 0., 0., 3., 0., 2., 0., 0., 0., 2., 0., 0.],
       [8., 6., 0., 0., 0., 0., 4., 0., 0., 0., 0., 0., 0., 0., 0., 0., 0.]
                 ])

Ru Configuration Matrix- 1st NN

features=np.array(
['C(H)4', 'C(H)3(Ru)', 'C(H)2(Ru)2', 'C(H)(Ru)3', 'C(Ru)4', 'C(C)(H)3', 'C(C)(H)2(Ru)', 'C(C)2(H)2', 'C(C)2(H)(Ru)', 'C(C)(H)(Ru)2', 'C(C)(Ru)3', 'C(C)2(Ru)2', 'C(C)3(Ru)', 'C(C)3(H)']
)
A1= np.array([[1., 0., 0., 0., 0., 0., 0., 0., 0., 0., 0., 0., 0., 0.],
       [0., 1., 0., 0., 0., 0., 0., 0., 0., 0., 0., 0., 0., 0.],
       [0., 0., 1., 0., 0., 0., 0., 0., 0., 0., 0., 0., 0., 0.],
       [0., 0., 0., 1., 0., 0., 0., 0., 0., 0., 0., 0., 0., 0.],
       [0., 0., 0., 0., 1., 0., 0., 0., 0., 0., 0., 0., 0., 0.],
       [0., 0., 0., 0., 0., 1., 1., 0., 0., 0., 0., 0., 0., 0.],
       [0., 0., 0., 0., 0., 1., 1., 1., 0., 0., 0., 0., 0., 0.],
       [0., 0., 0., 0., 0., 2., 0., 0., 1., 0., 0., 0., 0., 0.],
       [0., 0., 0., 0., 0., 1., 1., 2., 0., 0., 0., 0., 0., 0.],
       [0., 0., 0., 0., 0., 1., 0., 0., 0., 1., 0., 0., 0., 0.],
       [0., 0., 0., 0., 0., 0., 2., 0., 1., 0., 0., 0., 0., 0.],
       [0., 0., 0., 0., 0., 1., 0., 1., 0., 1., 0., 0., 0., 0.],
       [0., 0., 0., 0., 0., 2., 0., 1., 1., 0., 0., 0., 0., 0.],
       [0., 0., 0., 0., 0., 1., 1., 1., 1., 0., 0., 0., 0., 0.],
       [0., 0., 0., 0., 0., 2., 0., 0., 2., 0., 0., 0., 0., 0.],
       [0., 0., 0., 0., 0., 1., 0., 2., 0., 1., 0., 0., 0., 0.],
       [0., 0., 0., 0., 0., 1., 0., 0., 0., 0., 1., 0., 0., 0.],
       [0., 0., 0., 0., 0., 2., 0., 1., 0., 0., 0., 1., 0., 0.],
       [0., 0., 0., 0., 0., 1., 0., 2., 0., 0., 1., 0., 0., 0.],
       [0., 0., 0., 0., 0., 0., 0., 0., 0., 1., 1., 0., 0., 0.],
       [0., 0., 0., 0., 0., 1., 0., 0., 0., 0., 1., 1., 0., 0.],
       [0., 0., 0., 0., 0., 1., 1., 1., 0., 0., 0., 1., 0., 0.],
       [0., 0., 0., 0., 0., 1., 0., 1., 1., 1., 0., 0., 0., 0.],
       [0., 0., 0., 0., 0., 2., 0., 0., 1., 0., 0., 1., 0., 0.],
       [0., 0., 0., 0., 0., 1., 1., 0., 2., 0., 0., 0., 0., 0.],
       [0., 0., 0., 0., 0., 1., 0., 1., 0., 0., 1., 1., 0., 0.],
       [0., 0., 0., 0., 0., 0., 1., 0., 0., 0., 1., 0., 0., 0.],
       [0., 0., 0., 0., 0., 1., 0., 0., 1., 0., 1., 0., 0., 0.],
       [0., 0., 0., 0., 0., 1., 0., 1., 1., 0., 1., 0., 0., 0.],
       [0., 0., 0., 0., 0., 1., 0., 2., 1., 0., 1., 0., 0., 0.],
       [0., 0., 0., 0., 0., 0., 1., 0., 0., 1., 0., 0., 0., 0.],
       [0., 0., 0., 0., 0., 1., 0., 0., 1., 1., 0., 0., 0., 0.],
       [0., 0., 0., 0., 0., 0., 0., 0., 0., 2., 0., 0., 0., 0.],
       [0., 0., 0., 0., 0., 1., 0., 0., 0., 1., 0., 1., 0., 0.],
       [0., 0., 0., 0., 0., 1., 0., 1., 0., 1., 0., 1., 0., 0.],
       [0., 0., 0., 0., 0., 0., 2., 0., 0., 0., 0., 0., 0., 0.],
       [0., 0., 0., 0., 0., 1., 1., 0., 1., 0., 0., 0., 0., 0.],
       [0., 0., 0., 0., 0., 2., 0., 0., 0., 0., 0., 2., 0., 0.],
       [0., 0., 0., 0., 0., 1., 0., 0., 2., 1., 0., 0., 0., 0.],
       [0., 0., 0., 0., 0., 1., 1., 0., 1., 0., 0., 1., 0., 0.],
       [0., 0., 0., 0., 0., 1., 1., 3., 0., 0., 0., 0., 0., 0.],
       [0., 0., 0., 0., 0., 2., 0., 2., 1., 0., 0., 0., 0., 0.],
       [0., 0., 0., 0., 0., 2., 0., 1., 2., 0., 0., 0., 0., 0.],
       [0., 0., 0., 0., 0., 1., 0., 3., 0., 1., 0., 0., 0., 0.],
       [0., 0., 0., 0., 0., 1., 1., 1., 2., 0., 0., 0., 0., 0.],
       [0., 0., 0., 0., 0., 1., 1., 2., 1., 0., 0., 0., 0., 0.],
       [0., 0., 0., 0., 0., 0., 2., 3., 0., 0., 0., 0., 0., 0.],
       [0., 0., 0., 0., 0., 1., 0., 2., 0., 1., 0., 1., 0., 0.],
       [0., 0., 0., 0., 0., 2., 0., 1., 1., 0., 0., 1., 0., 0.],
       [0., 0., 0., 0., 0., 1., 0., 1., 1., 1., 0., 1., 0., 0.],
       [0., 0., 0., 0., 0., 0., 2., 0., 0., 0., 0., 1., 0., 0.],
       [0., 0., 0., 0., 0., 1., 1., 1., 1., 0., 0., 1., 0., 0.],
       [0., 0., 0., 0., 0., 2., 0., 0., 0., 0., 0., 1., 0., 0.],
       [0., 0., 0., 0., 0., 1., 1., 2., 1., 0., 0., 0., 0., 0.],
       [0., 0., 0., 0., 0., 1., 0., 1., 0., 0., 1., 0., 0., 0.],
       [0., 0., 0., 0., 0., 0., 2., 0., 0., 0., 0., 1., 0., 0.],
       [0., 0., 0., 0., 0., 0., 1., 0., 0., 1., 0., 1., 0., 0.],
       [0., 0., 0., 0., 0., 0., 0., 0., 1., 2., 0., 0., 0., 0.],
       [0., 0., 0., 0., 0., 0., 1., 0., 1., 0., 1., 0., 0., 0.],
       [0., 0., 0., 0., 0., 1., 0., 0., 0., 0., 1., 1., 0., 0.],
       [0., 0., 0., 0., 0., 0., 0., 1., 0., 1., 1., 0., 0., 0.],
       [0., 0., 0., 0., 0., 0., 0., 0., 0., 2., 0., 1., 0., 0.],
       [0., 0., 0., 0., 0., 0., 1., 0., 0., 0., 1., 1., 0., 0.],
       [0., 0., 0., 0., 0., 0., 0., 0., 1., 1., 1., 0., 0., 0.],
       [0., 0., 0., 0., 0., 0., 0., 1., 0., 0., 2., 0., 0., 0.],
       [0., 0., 0., 0., 0., 0., 0., 0., 1., 0., 2., 0., 0., 0.],
       [0., 0., 0., 0., 0., 0., 0., 0., 0., 1., 1., 1., 0., 0.],
       [0., 0., 0., 0., 0., 0., 0., 0., 0., 0., 2., 1., 0., 0.],
       [0., 0., 0., 0., 0., 1., 1., 0., 1., 0., 0., 1., 0., 0.],
       [0., 0., 0., 0., 0., 1., 0., 0., 2., 0., 1., 0., 0., 0.],
       [0., 0., 0., 0., 0., 0., 1., 0., 2., 0., 1., 0., 0., 0.],
       [0., 0., 0., 0., 0., 3., 0., 0., 0., 0., 0., 0., 1., 0.],
       [0., 0., 0., 0., 0., 2., 1., 0., 0., 0., 0., 0., 0., 1.],
       [0., 0., 0., 0., 0., 2., 0., 0., 0., 1., 0., 0., 0., 1.],
       [0., 0., 0., 0., 0., 1., 2., 0., 0., 0., 0., 0., 0., 1.],
       [0., 0., 0., 0., 0., 2., 1., 0., 0., 0., 0., 0., 1., 0.],
       [0., 0., 0., 0., 0., 1., 2., 0., 0., 0., 0., 0., 1., 0.],
       [0., 0., 0., 0., 0., 1., 1., 0., 0., 1., 0., 0., 0., 1.],
       [0., 0., 0., 0., 0., 2., 0., 0., 0., 1., 0., 0., 1., 0.],
       [0., 0., 0., 0., 0., 0., 3., 0., 0., 0., 0., 0., 0., 1.],
       [0., 0., 0., 0., 0., 2., 0., 0., 0., 0., 1., 0., 0., 1.],
       [0., 0., 0., 0., 0., 1., 0., 0., 0., 2., 0., 0., 0., 1.],
       [0., 0., 0., 0., 0., 1., 1., 0., 0., 1., 0., 0., 1., 0.],
       [0., 0., 0., 0., 0., 2., 0., 0., 0., 0., 1., 0., 1., 0.],
       [0., 0., 0., 0., 0., 0., 2., 0., 0., 1., 0., 0., 0., 1.],
       [0., 0., 0., 0., 0., 0., 3., 0., 0., 0., 0., 0., 1., 0.],
       [0., 0., 0., 0., 0., 1., 1., 0., 0., 0., 1., 0., 0., 1.],
       [0., 0., 0., 0., 0., 2., 1., 1., 0., 0., 0., 0., 0., 1.],
       [0., 0., 0., 0., 0., 3., 0., 1., 0., 0., 0., 0., 1., 0.],
       [0., 0., 0., 0., 0., 3., 0., 0., 1., 0., 0., 0., 0., 1.],
       [0., 0., 0., 0., 0., 2., 1., 1., 0., 0., 0., 0., 0., 1.],
       [0., 0., 0., 0., 0., 2., 0., 1., 0., 1., 0., 0., 0., 1.],
       [0., 0., 0., 0., 0., 1., 2., 1., 0., 0., 0., 0., 0., 1.],
       [0., 0., 0., 0., 0., 2., 1., 0., 1., 0., 0., 0., 0., 1.],
       [0., 0., 0., 0., 0., 1., 2., 1., 0., 0., 0., 0., 0., 1.],
       [0., 0., 0., 0., 0., 3., 0., 0., 0., 0., 0., 1., 0., 1.],
       [0., 0., 0., 0., 0., 2., 0., 1., 0., 1., 0., 0., 0., 1.],
       [0., 0., 0., 0., 0., 2., 1., 1., 0., 0., 0., 0., 1., 0.],
       [0., 0., 0., 0., 0., 3., 0., 0., 1., 0., 0., 0., 1., 0.],
       [0., 0., 0., 0., 0., 2., 1., 1., 0., 0., 0., 0., 1., 0.],
       [0., 0., 0., 0., 0., 2., 1., 0., 1., 0., 0., 0., 0., 1.],
       [0., 0., 0., 0., 0., 2., 1., 0., 1., 0., 0., 0., 1., 0.],
       [0., 0., 0., 0., 0., 1., 2., 1., 0., 0., 0., 0., 1., 0.],
       [0., 0., 0., 0., 0., 1., 2., 0., 1., 0., 0., 0., 0., 1.],
       [0., 0., 0., 0., 0., 2., 0., 1., 0., 0., 1., 0., 0., 1.],
       [0., 0., 0., 0., 0., 2., 0., 1., 0., 1., 0., 0., 1., 0.],
       [0., 0., 0., 0., 0., 1., 1., 1., 0., 1., 0., 0., 0., 1.],
       [0., 0., 0., 0., 0., 2., 0., 0., 1., 1., 0., 0., 0., 1.],
       [0., 0., 0., 0., 0., 3., 0., 0., 0., 0., 0., 1., 1., 0.],
       [0., 0., 0., 0., 0., 2., 1., 0., 0., 0., 0., 1., 0., 1.],
       [0., 0., 0., 0., 0., 2., 1., 0., 0., 0., 0., 1., 0., 1.],
       [0., 0., 0., 0., 0., 2., 0., 0., 1., 1., 0., 0., 0., 1.],
       [0., 0., 0., 0., 0., 1., 1., 1., 0., 0., 1., 0., 0., 1.],
       [0., 0., 0., 0., 0., 1., 0., 1., 0., 2., 0., 0., 0., 1.],
       [0., 0., 0., 0., 0., 2., 0., 1., 0., 0., 1., 0., 1., 0.],
       [0., 0., 0., 0., 0., 2., 0., 0., 1., 0., 1., 0., 0., 1.],
       [0., 0., 0., 0., 0., 2., 0., 0., 1., 1., 0., 0., 1., 0.],
       [0., 0., 0., 0., 0., 2., 0., 0., 0., 1., 0., 1., 0., 1.],
       [0., 0., 0., 0., 0., 1., 1., 1., 0., 1., 0., 0., 1., 0.],
       [0., 0., 0., 0., 0., 2., 1., 0., 0., 0., 0., 1., 1., 0.],
       [0., 0., 0., 0., 0., 1., 1., 0., 1., 1., 0., 0., 0., 1.],
       [0., 0., 0., 0., 0., 1., 1., 1., 0., 0., 1., 0., 0., 1.],
       [0., 0., 0., 0., 0., 1., 1., 1., 0., 1., 0., 0., 1., 0.],
       [0., 0., 0., 0., 0., 1., 1., 0., 1., 1., 0., 0., 0., 1.],
       [0., 0., 0., 0., 0., 1., 2., 0., 1., 0., 0., 0., 1., 0.],
       [0., 0., 0., 0., 0., 1., 2., 0., 0., 0., 0., 1., 0., 1.],
       [0., 0., 0., 0., 0., 1., 0., 1., 0., 1., 1., 0., 0., 1.],
       [0., 0., 0., 0., 0., 1., 1., 1., 0., 0., 1., 0., 1., 0.],
       [0., 0., 0., 0., 0., 2., 0., 0., 1., 0., 1., 0., 1., 0.],
       [0., 0., 0., 0., 0., 1., 1., 0., 1., 0., 1., 0., 0., 1.],
       [0., 0., 0., 0., 0., 2., 0., 0., 1., 1., 0., 0., 1., 0.],
       [0., 0., 0., 0., 0., 2., 0., 0., 0., 1., 0., 1., 1., 0.],
       [0., 0., 0., 0., 0., 1., 1., 1., 0., 0., 1., 0., 1., 0.],
       [0., 0., 0., 0., 0., 1., 2., 0., 0., 0., 0., 1., 1., 0.],
       [0., 0., 0., 0., 0., 1., 1., 0., 1., 0., 1., 0., 0., 1.]])


Ru Configuration Matrix- 2nd NN

## 9 features
features=np.array(
['C(C)(H)2(Ru)', 'C(C)(H)3', 'C(C)2(H)2', 'C(C)(H)(Ru)2', 'C(C)2(H)(Ru)', 'C(C)2(Ru)2', 'C(C)(Ru)3', 'C(C)3(H)', 'C(C)3(Ru)']
)
A2 = np.array([[1., 1., 0., 0., 0., 0., 0., 0., 0.],
       [0., 2., 0., 0., 0., 0., 0., 0., 0.],
       [1., 1., 2., 0., 0., 0., 0., 0., 0.],
       [2., 0., 0., 0., 0., 0., 0., 0., 0.],
       [0., 1., 0., 1., 0., 0., 0., 0., 0.],
       [0., 2., 1., 0., 1., 0., 0., 0., 0.],
       [1., 1., 1., 0., 1., 0., 0., 0., 0.],
       [0., 2., 0., 0., 2., 0., 0., 0., 0.],
       [0., 1., 2., 1., 0., 0., 0., 0., 0.],
       [0., 2., 1., 0., 0., 1., 0., 0., 0.],
       [0., 1., 2., 0., 0., 0., 1., 0., 0.],
       [0., 1., 0., 0., 0., 0., 1., 0., 0.],
       [1., 1., 1., 0., 0., 1., 0., 0., 0.],
       [0., 1., 1., 1., 1., 0., 0., 0., 0.],
       [0., 2., 0., 0., 1., 1., 0., 0., 0.],
       [1., 1., 0., 0., 2., 0., 0., 0., 0.],
       [0., 1., 1., 0., 0., 1., 1., 0., 0.],
       [0., 1., 0., 0., 0., 0., 1., 0., 0.],
       [0., 1., 1., 0., 1., 0., 1., 0., 0.],
       [0., 1., 3., 0., 1., 0., 1., 0., 0.],
       [0., 1., 0., 1., 0., 0., 0., 0., 0.],
       [0., 1., 0., 1., 0., 0., 0., 0., 0.],
       [0., 1., 1., 1., 0., 1., 0., 0., 0.],
       [1., 1., 0., 0., 0., 0., 0., 0., 0.],
       [0., 2., 0., 0., 0., 2., 0., 0., 0.],
       [0., 1., 0., 1., 2., 0., 0., 0., 0.],
       [1., 1., 0., 0., 1., 1., 0., 0., 0.],
       [1., 1., 4., 0., 0., 0., 0., 0., 0.],
       [0., 2., 3., 0., 1., 0., 0., 0., 0.],
       [0., 2., 1., 0., 3., 0., 0., 0., 0.],
       [0., 1., 4., 1., 0., 0., 0., 0., 0.],
       [1., 1., 1., 0., 3., 0., 0., 0., 0.],
       [1., 1., 2., 0., 2., 0., 0., 0., 0.],
       [2., 0., 4., 0., 0., 0., 0., 0., 0.],
       [0., 1., 3., 1., 0., 1., 0., 0., 0.],
       [0., 2., 1., 0., 2., 1., 0., 0., 0.],
       [0., 1., 1., 1., 1., 2., 0., 0., 0.],
       [2., 0., 0., 0., 0., 0., 0., 0., 0.],
       [1., 1., 1., 0., 2., 1., 0., 0., 0.],
       [0., 2., 0., 0., 0., 0., 0., 0., 0.],
       [1., 1., 3., 0., 1., 0., 0., 0., 0.],
       [0., 1., 0., 0., 0., 0., 1., 0., 0.],
       [2., 0., 0., 0., 0., 0., 0., 0., 0.],
       [1., 0., 0., 1., 0., 0., 0., 0., 0.],
       [0., 0., 0., 2., 0., 0., 0., 0., 0.],
       [1., 0., 0., 0., 0., 0., 1., 0., 0.],
       [0., 1., 0., 0., 0., 0., 1., 0., 0.],
       [0., 0., 0., 1., 0., 0., 1., 0., 0.],
       [0., 0., 0., 2., 0., 0., 0., 0., 0.],
       [1., 0., 0., 0., 0., 0., 1., 0., 0.],
       [0., 0., 0., 1., 0., 0., 1., 0., 0.],
       [0., 0., 0., 0., 0., 0., 2., 0., 0.],
       [0., 0., 0., 0., 0., 0., 2., 0., 0.],
       [0., 0., 0., 1., 0., 0., 1., 0., 0.],
       [0., 0., 0., 0., 0., 0., 2., 0., 0.],
       [1., 1., 0., 0., 1., 1., 0., 0., 0.],
       [0., 1., 0., 0., 2., 0., 1., 0., 0.],
       [1., 0., 0., 0., 2., 0., 1., 0., 0.],
       [0., 6., 0., 0., 0., 0., 0., 0., 0.],
       [2., 4., 0., 0., 0., 0., 0., 0., 0.],
       [0., 4., 0., 2., 0., 0., 0., 0., 0.],
       [4., 2., 0., 0., 0., 0., 0., 0., 0.],
       [2., 4., 0., 0., 0., 0., 0., 0., 0.],
       [4., 2., 0., 0., 0., 0., 0., 0., 0.],
       [2., 2., 0., 2., 0., 0., 0., 0., 0.],
       [0., 4., 0., 2., 0., 0., 0., 0., 0.],
       [6., 0., 0., 0., 0., 0., 0., 0., 0.],
       [0., 4., 0., 0., 0., 0., 2., 0., 0.],
       [0., 2., 0., 4., 0., 0., 0., 0., 0.],
       [2., 2., 0., 2., 0., 0., 0., 0., 0.],
       [0., 4., 0., 0., 0., 0., 2., 0., 0.],
       [4., 0., 0., 2., 0., 0., 0., 0., 0.],
       [6., 0., 0., 0., 0., 0., 0., 0., 0.],
       [2., 2., 0., 0., 0., 0., 2., 0., 0.],
       [2., 3., 2., 0., 0., 0., 0., 1., 0.],
       [0., 5., 2., 0., 0., 0., 0., 0., 1.],
       [0., 5., 0., 0., 2., 0., 0., 1., 0.],
       [1., 4., 2., 0., 0., 0., 0., 1., 0.],
       [0., 3., 2., 2., 0., 0., 0., 1., 0.],
       [4., 1., 2., 0., 0., 0., 0., 1., 0.],
       [2., 3., 0., 0., 2., 0., 0., 1., 0.],
       [3., 2., 2., 0., 0., 0., 0., 1., 0.],
       [0., 5., 0., 0., 0., 2., 0., 1., 0.],
       [0., 4., 2., 1., 0., 0., 0., 1., 0.],
       [2., 3., 2., 0., 0., 0., 0., 0., 1.],
       [0., 5., 0., 0., 2., 0., 0., 0., 1.],
       [1., 4., 2., 0., 0., 0., 0., 0., 1.],
       [1., 4., 0., 0., 2., 0., 0., 1., 0.],
       [2., 3., 0., 0., 2., 0., 0., 0., 1.],
       [4., 1., 2., 0., 0., 0., 0., 0., 1.],
       [4., 1., 0., 0., 2., 0., 0., 1., 0.],
       [0., 3., 2., 0., 0., 0., 2., 1., 0.],
       [0., 3., 2., 2., 0., 0., 0., 0., 1.],
       [2., 1., 2., 2., 0., 0., 0., 1., 0.],
       [0., 3., 0., 2., 2., 0., 0., 1., 0.],
       [0., 5., 0., 0., 0., 2., 0., 0., 1.],
       [2., 3., 0., 0., 0., 2., 0., 1., 0.],
       [1., 4., 0., 0., 0., 2., 0., 1., 0.],
       [0., 4., 0., 1., 2., 0., 0., 1., 0.],
       [2., 1., 2., 0., 0., 0., 2., 1., 0.],
       [0., 1., 2., 4., 0., 0., 0., 1., 0.],
       [0., 3., 2., 0., 0., 0., 2., 0., 1.],
       [0., 3., 0., 0., 2., 0., 2., 1., 0.],
       [0., 3., 0., 2., 2., 0., 0., 0., 1.],
       [0., 3., 0., 2., 0., 2., 0., 1., 0.],
       [2., 1., 2., 2., 0., 0., 0., 0., 1.],
       [2., 3., 0., 0., 0., 2., 0., 0., 1.],
       [2., 1., 0., 2., 2., 0., 0., 1., 0.],
       [2., 1., 2., 0., 0., 0., 2., 1., 0.],
       [2., 1., 2., 2., 0., 0., 0., 0., 1.],
       [2., 1., 0., 2., 2., 0., 0., 1., 0.],
       [4., 1., 0., 0., 2., 0., 0., 0., 1.],
       [4., 1., 0., 0., 0., 2., 0., 1., 0.],
       [0., 1., 2., 2., 0., 0., 2., 1., 0.],
       [2., 1., 2., 0., 0., 0., 2., 0., 1.],
       [0., 3., 0., 0., 2., 0., 2., 0., 1.],
       [2., 1., 0., 0., 2., 0., 2., 1., 0.],
       [0., 3., 0., 2., 2., 0., 0., 0., 1.],
       [0., 3., 0., 2., 0., 2., 0., 0., 1.],
       [2., 1., 2., 0., 0., 0., 2., 0., 1.],
       [4., 1., 0., 0., 0., 2., 0., 0., 1.],
       [2., 1., 0., 0., 2., 0., 2., 1., 0.]])

Ir Configuration Matrix- 1st NN
## 35 groups
features=np.array(
['C(Ir)4', 'C(C)(Ir)3', 'C(C)2(Ir)2', 'C(C)2(H)2', 'C(O)(Ir)3', 'C(H)(Ir)3', 'C(C)(H)(Ir)2', 'C(C)2(H)(Ir)', 'C(H)(O)(Ir)2', 'C(H)2(Ir)2', 'C(C)(O)(Ir)2', 'C(C)(H)2(O)', 'C(C)(H)2(Ir)', 'C(C)(H)(O)(Ir)', 'C(H)2(O)(Ir)', 'O(O)(Ir)', 'O(Ir)2', 'C(O)2(Ir)2', 'C(H)(O)2(Ir)', 'O(O)2', 'C(H)3(Ir)', 'C(C)(H)3', 'C(H)3(O)', 'O(H)(Ir)', 'C(Ir)2(=O)', 'C(C)(Ir)(=O)', 'C(O)(Ir)(=O)', 'C(H)(Ir)(=O)', 'C(C)(H)(=O)', 'C(H)(O)(=O)', 'C(H)2(O)2', 'O(H)(O)', 'C(C)2(H)(O)', 'C(C)2(=O)', 'C(C)2(O)(Ir)']
)
A1= np.array([[1., 0., 0., 0., 0., 0., 0., 0., 0., 0., 0., 0., 0., 0., 0., 0., 0., 0., 0., 0., 0., 0., 0., 0., 0., 0., 0., 0., 0., 0., 0., 0., 0., 0., 0.],
       [0., 2., 0., 0., 0., 0., 0., 0., 0., 0., 0., 0., 0., 0., 0., 0., 0., 0., 0., 0., 0., 0., 0., 0., 0., 0., 0., 0., 0., 0., 0., 0., 0., 0., 0.],
       [0., 2., 1., 0., 0., 0., 0., 0., 0., 0., 0., 0., 0., 0., 0., 0., 0., 0., 0., 0., 0., 0., 0., 0., 0., 0., 0., 0., 0., 0., 0., 0., 0., 0., 0.],
       [0., 2., 0., 1., 0., 0., 0., 0., 0., 0., 0., 0., 0., 0., 0., 0., 0., 0., 0., 0., 0., 0., 0., 0., 0., 0., 0., 0., 0., 0., 0., 0., 0., 0., 0.],
       [0., 0., 0., 0., 2., 0., 0., 0., 0., 0., 0., 0., 0., 0., 0., 0., 0., 0., 0., 0., 0., 0., 0., 0., 0., 0., 0., 0., 0., 0., 0., 0., 0., 0., 0.],
       [0., 0., 0., 0., 0., 1., 0., 0., 0., 0., 0., 0., 0., 0., 0., 0., 0., 0., 0., 0., 0., 0., 0., 0., 0., 0., 0., 0., 0., 0., 0., 0., 0., 0., 0.],
       [0., 1., 0., 0., 0., 0., 1., 0., 0., 0., 0., 0., 0., 0., 0., 0., 0., 0., 0., 0., 0., 0., 0., 0., 0., 0., 0., 0., 0., 0., 0., 0., 0., 0., 0.],
       [0., 1., 1., 0., 0., 0., 1., 0., 0., 0., 0., 0., 0., 0., 0., 0., 0., 0., 0., 0., 0., 0., 0., 0., 0., 0., 0., 0., 0., 0., 0., 0., 0., 0., 0.],
       [0., 0., 1., 0., 0., 0., 2., 0., 0., 0., 0., 0., 0., 0., 0., 0., 0., 0., 0., 0., 0., 0., 0., 0., 0., 0., 0., 0., 0., 0., 0., 0., 0., 0., 0.],
       [0., 0., 0., 0., 0., 0., 2., 0., 0., 0., 0., 0., 0., 0., 0., 0., 0., 0., 0., 0., 0., 0., 0., 0., 0., 0., 0., 0., 0., 0., 0., 0., 0., 0., 0.],
       [0., 1., 0., 0., 0., 0., 1., 1., 0., 0., 0., 0., 0., 0., 0., 0., 0., 0., 0., 0., 0., 0., 0., 0., 0., 0., 0., 0., 0., 0., 0., 0., 0., 0., 0.],
       [0., 0., 0., 0., 0., 0., 2., 1., 0., 0., 0., 0., 0., 0., 0., 0., 0., 0., 0., 0., 0., 0., 0., 0., 0., 0., 0., 0., 0., 0., 0., 0., 0., 0., 0.],
       [0., 1., 0., 1., 0., 0., 1., 0., 0., 0., 0., 0., 0., 0., 0., 0., 0., 0., 0., 0., 0., 0., 0., 0., 0., 0., 0., 0., 0., 0., 0., 0., 0., 0., 0.],
       [0., 0., 0., 1., 0., 0., 2., 0., 0., 0., 0., 0., 0., 0., 0., 0., 0., 0., 0., 0., 0., 0., 0., 0., 0., 0., 0., 0., 0., 0., 0., 0., 0., 0., 0.],
       [0., 0., 0., 0., 1., 0., 0., 0., 1., 0., 0., 0., 0., 0., 0., 0., 0., 0., 0., 0., 0., 0., 0., 0., 0., 0., 0., 0., 0., 0., 0., 0., 0., 0., 0.],
       [0., 0., 0., 0., 0., 0., 0., 0., 2., 0., 0., 0., 0., 0., 0., 0., 0., 0., 0., 0., 0., 0., 0., 0., 0., 0., 0., 0., 0., 0., 0., 0., 0., 0., 0.],
       [0., 2., 0., 0., 0., 0., 0., 1., 0., 0., 0., 0., 0., 0., 0., 0., 0., 0., 0., 0., 0., 0., 0., 0., 0., 0., 0., 0., 0., 0., 0., 0., 0., 0., 0.],
       [0., 0., 0., 0., 0., 0., 0., 0., 0., 1., 0., 0., 0., 0., 0., 0., 0., 0., 0., 0., 0., 0., 0., 0., 0., 0., 0., 0., 0., 0., 0., 0., 0., 0., 0.],
       [0., 0., 3., 0., 0., 0., 0., 0., 0., 0., 0., 0., 0., 0., 0., 0., 0., 0., 0., 0., 0., 0., 0., 0., 0., 0., 0., 0., 0., 0., 0., 0., 0., 0., 0.],
       [0., 0., 1., 2., 0., 0., 0., 0., 0., 0., 0., 0., 0., 0., 0., 0., 0., 0., 0., 0., 0., 0., 0., 0., 0., 0., 0., 0., 0., 0., 0., 0., 0., 0., 0.],
       [0., 0., 0., 0., 0., 0., 0., 0., 0., 0., 1., 1., 0., 0., 0., 0., 0., 0., 0., 0., 0., 0., 0., 0., 0., 0., 0., 0., 0., 0., 0., 0., 0., 0., 0.],
       [0., 0., 1., 0., 0., 0., 0., 2., 0., 0., 0., 0., 0., 0., 0., 0., 0., 0., 0., 0., 0., 0., 0., 0., 0., 0., 0., 0., 0., 0., 0., 0., 0., 0., 0.],
       [0., 0., 0., 0., 0., 0., 0., 3., 0., 0., 0., 0., 0., 0., 0., 0., 0., 0., 0., 0., 0., 0., 0., 0., 0., 0., 0., 0., 0., 0., 0., 0., 0., 0., 0.],
       [0., 0., 0., 2., 0., 0., 0., 1., 0., 0., 0., 0., 0., 0., 0., 0., 0., 0., 0., 0., 0., 0., 0., 0., 0., 0., 0., 0., 0., 0., 0., 0., 0., 0., 0.],
       [0., 1., 0., 0., 0., 0., 0., 0., 0., 0., 0., 0., 1., 0., 0., 0., 0., 0., 0., 0., 0., 0., 0., 0., 0., 0., 0., 0., 0., 0., 0., 0., 0., 0., 0.],
       [0., 1., 1., 0., 0., 0., 0., 0., 0., 0., 0., 0., 1., 0., 0., 0., 0., 0., 0., 0., 0., 0., 0., 0., 0., 0., 0., 0., 0., 0., 0., 0., 0., 0., 0.],
       [0., 0., 1., 0., 0., 0., 1., 0., 0., 0., 0., 0., 1., 0., 0., 0., 0., 0., 0., 0., 0., 0., 0., 0., 0., 0., 0., 0., 0., 0., 0., 0., 0., 0., 0.],
       [0., 0., 1., 0., 0., 0., 0., 0., 0., 0., 0., 0., 2., 0., 0., 0., 0., 0., 0., 0., 0., 0., 0., 0., 0., 0., 0., 0., 0., 0., 0., 0., 0., 0., 0.],
       [0., 0., 0., 0., 0., 0., 0., 0., 0., 0., 1., 0., 1., 0., 0., 0., 0., 0., 0., 0., 0., 0., 0., 0., 0., 0., 0., 0., 0., 0., 0., 0., 0., 0., 0.],
       [0., 0., 0., 0., 0., 0., 1., 0., 0., 0., 0., 0., 1., 0., 0., 0., 0., 0., 0., 0., 0., 0., 0., 0., 0., 0., 0., 0., 0., 0., 0., 0., 0., 0., 0.],
       [0., 1., 0., 0., 0., 0., 0., 1., 0., 0., 0., 0., 1., 0., 0., 0., 0., 0., 0., 0., 0., 0., 0., 0., 0., 0., 0., 0., 0., 0., 0., 0., 0., 0., 0.],
       [0., 0., 0., 0., 0., 0., 1., 1., 0., 0., 0., 0., 1., 0., 0., 0., 0., 0., 0., 0., 0., 0., 0., 0., 0., 0., 0., 0., 0., 0., 0., 0., 0., 0., 0.],
       [0., 0., 0., 0., 0., 0., 0., 1., 0., 0., 0., 0., 2., 0., 0., 0., 0., 0., 0., 0., 0., 0., 0., 0., 0., 0., 0., 0., 0., 0., 0., 0., 0., 0., 0.],
       [0., 0., 0., 0., 0., 0., 0., 0., 0., 0., 0., 0., 1., 1., 0., 0., 0., 0., 0., 0., 0., 0., 0., 0., 0., 0., 0., 0., 0., 0., 0., 0., 0., 0., 0.],
       [0., 0., 0., 0., 0., 0., 0., 0., 0., 0., 0., 0., 2., 0., 0., 0., 0., 0., 0., 0., 0., 0., 0., 0., 0., 0., 0., 0., 0., 0., 0., 0., 0., 0., 0.],
       [0., 1., 0., 1., 0., 0., 0., 0., 0., 0., 0., 0., 1., 0., 0., 0., 0., 0., 0., 0., 0., 0., 0., 0., 0., 0., 0., 0., 0., 0., 0., 0., 0., 0., 0.],
       [0., 0., 0., 1., 0., 0., 1., 0., 0., 0., 0., 0., 1., 0., 0., 0., 0., 0., 0., 0., 0., 0., 0., 0., 0., 0., 0., 0., 0., 0., 0., 0., 0., 0., 0.],
       [0., 0., 0., 1., 0., 0., 0., 0., 0., 0., 0., 0., 2., 0., 0., 0., 0., 0., 0., 0., 0., 0., 0., 0., 0., 0., 0., 0., 0., 0., 0., 0., 0., 0., 0.],
       [0., 0., 0., 0., 0., 0., 0., 0., 0., 0., 0., 1., 1., 0., 0., 0., 0., 0., 0., 0., 0., 0., 0., 0., 0., 0., 0., 0., 0., 0., 0., 0., 0., 0., 0.],
       [0., 0., 0., 0., 0., 0., 0., 0., 0., 0., 0., 0., 0., 0., 1., 0., 0., 0., 0., 0., 0., 0., 0., 0., 0., 0., 0., 0., 0., 0., 0., 0., 0., 0., 0.],
       [0., 0., 0., 0., 0., 0., 0., 0., 1., 0., 0., 0., 0., 0., 1., 0., 0., 0., 0., 0., 0., 0., 0., 0., 0., 0., 0., 0., 0., 0., 0., 0., 0., 0., 0.],
       [0., 0., 0., 0., 0., 0., 0., 0., 0., 0., 0., 0., 0., 0., 2., 0., 0., 0., 0., 0., 0., 0., 0., 0., 0., 0., 0., 0., 0., 0., 0., 0., 0., 0., 0.],
       [0., 0., 0., 0., 0., 0., 0., 0., 0., 0., 0., 0., 0., 0., 1., 1., 0., 0., 0., 0., 0., 0., 0., 0., 0., 0., 0., 0., 0., 0., 0., 0., 0., 0., 0.],
       [0., 0., 0., 0., 0., 0., 0., 0., 0., 0., 0., 0., 0., 0., 0., 0., 1., 0., 0., 0., 0., 0., 0., 0., 0., 0., 0., 0., 0., 0., 0., 0., 0., 0., 0.],
       [0., 0., 0., 0., 0., 0., 0., 0., 0., 0., 0., 0., 0., 0., 0., 0., 0., 1., 0., 0., 0., 0., 0., 0., 0., 0., 0., 0., 0., 0., 0., 0., 0., 0., 0.],
       [0., 0., 0., 0., 0., 0., 0., 0., 1., 0., 0., 0., 0., 0., 0., 0., 0., 0., 0., 0., 0., 0., 0., 0., 0., 0., 0., 0., 0., 0., 0., 0., 0., 0., 0.],
       [0., 1., 0., 0., 0., 0., 0., 0., 0., 0., 0., 0., 0., 1., 0., 0., 0., 0., 0., 0., 0., 0., 0., 0., 0., 0., 0., 0., 0., 0., 0., 0., 0., 0., 0.],
       [0., 0., 0., 0., 0., 0., 1., 0., 0., 0., 0., 0., 0., 1., 0., 0., 0., 0., 0., 0., 0., 0., 0., 0., 0., 0., 0., 0., 0., 0., 0., 0., 0., 0., 0.],
       [0., 0., 0., 0., 0., 0., 0., 0., 0., 0., 0., 0., 0., 0., 0., 0., 0., 0., 1., 0., 0., 0., 0., 0., 0., 0., 0., 0., 0., 0., 0., 0., 0., 0., 0.],
       [0., 1., 0., 0., 0., 0., 0., 0., 0., 0., 0., 1., 0., 0., 0., 0., 0., 0., 0., 0., 0., 0., 0., 0., 0., 0., 0., 0., 0., 0., 0., 0., 0., 0., 0.],
       [0., 0., 0., 0., 0., 0., 1., 0., 0., 0., 0., 1., 0., 0., 0., 0., 0., 0., 0., 0., 0., 0., 0., 0., 0., 0., 0., 0., 0., 0., 0., 0., 0., 0., 0.],
       [0., 0., 0., 0., 0., 0., 0., 0., 0., 0., 0., 0., 0., 0., 0., 0., 0., 0., 0., 1., 0., 0., 0., 0., 0., 0., 0., 0., 0., 0., 0., 0., 0., 0., 0.],
       [0., 0., 0., 0., 0., 0., 0., 0., 0., 0., 0., 0., 0., 0., 0., 2., 0., 0., 0., 0., 0., 0., 0., 0., 0., 0., 0., 0., 0., 0., 0., 0., 0., 0., 0.],
       [0., 0., 0., 0., 1., 0., 0., 0., 0., 0., 0., 0., 0., 0., 0., 1., 0., 0., 0., 0., 0., 0., 0., 0., 0., 0., 0., 0., 0., 0., 0., 0., 0., 0., 0.],
       [0., 0., 0., 0., 0., 0., 0., 0., 1., 0., 0., 0., 0., 0., 0., 1., 0., 0., 0., 0., 0., 0., 0., 0., 0., 0., 0., 0., 0., 0., 0., 0., 0., 0., 0.],
       [0., 0., 0., 0., 0., 0., 0., 0., 0., 0., 0., 0., 0., 0., 0., 2., 0., 0., 0., 0., 1., 0., 0., 0., 0., 0., 0., 0., 0., 0., 0., 0., 0., 0., 0.],
       [0., 0., 0., 0., 0., 0., 0., 0., 0., 0., 0., 0., 0., 0., 0., 0., 0., 0., 0., 0., 0., 1., 0., 0., 0., 0., 0., 0., 0., 0., 0., 0., 0., 0., 0.],
       [0., 1., 0., 0., 0., 0., 0., 0., 0., 0., 0., 0., 0., 0., 0., 0., 0., 0., 0., 0., 0., 0., 1., 0., 0., 0., 0., 0., 0., 0., 0., 0., 0., 0., 0.],
       [0., 1., 1., 0., 0., 0., 0., 0., 0., 0., 0., 0., 0., 0., 0., 0., 0., 0., 0., 0., 0., 0., 1., 0., 0., 0., 0., 0., 0., 0., 0., 0., 0., 0., 0.],
       [0., 0., 1., 0., 0., 0., 1., 0., 0., 0., 0., 0., 0., 0., 0., 0., 0., 0., 0., 0., 0., 0., 1., 0., 0., 0., 0., 0., 0., 0., 0., 0., 0., 0., 0.],
       [0., 0., 1., 0., 0., 0., 0., 0., 0., 0., 0., 0., 1., 0., 0., 0., 0., 0., 0., 0., 0., 0., 1., 0., 0., 0., 0., 0., 0., 0., 0., 0., 0., 0., 0.],
       [0., 0., 0., 0., 0., 0., 0., 0., 0., 0., 1., 0., 0., 0., 0., 0., 0., 0., 0., 0., 0., 0., 1., 0., 0., 0., 0., 0., 0., 0., 0., 0., 0., 0., 0.],
       [0., 0., 0., 0., 0., 0., 1., 0., 0., 0., 0., 0., 0., 0., 0., 0., 0., 0., 0., 0., 0., 0., 1., 0., 0., 0., 0., 0., 0., 0., 0., 0., 0., 0., 0.],
       [0., 1., 0., 0., 0., 0., 0., 1., 0., 0., 0., 0., 0., 0., 0., 0., 0., 0., 0., 0., 0., 0., 1., 0., 0., 0., 0., 0., 0., 0., 0., 0., 0., 0., 0.],
       [0., 0., 0., 0., 0., 0., 1., 1., 0., 0., 0., 0., 0., 0., 0., 0., 0., 0., 0., 0., 0., 0., 1., 0., 0., 0., 0., 0., 0., 0., 0., 0., 0., 0., 0.],
       [0., 0., 0., 0., 0., 0., 0., 1., 0., 0., 0., 0., 1., 0., 0., 0., 0., 0., 0., 0., 0., 0., 1., 0., 0., 0., 0., 0., 0., 0., 0., 0., 0., 0., 0.],
       [0., 0., 0., 0., 0., 0., 0., 0., 0., 0., 0., 0., 0., 1., 0., 0., 0., 0., 0., 0., 0., 0., 1., 0., 0., 0., 0., 0., 0., 0., 0., 0., 0., 0., 0.],
       [0., 0., 1., 0., 0., 0., 0., 0., 0., 0., 0., 0., 0., 0., 0., 0., 0., 0., 0., 0., 0., 0., 2., 0., 0., 0., 0., 0., 0., 0., 0., 0., 0., 0., 0.],
       [0., 0., 0., 0., 0., 0., 0., 1., 0., 0., 0., 0., 0., 0., 0., 0., 0., 0., 0., 0., 0., 0., 2., 0., 0., 0., 0., 0., 0., 0., 0., 0., 0., 0., 0.],
       [0., 0., 0., 0., 0., 0., 0., 0., 0., 0., 1., 0., 0., 0., 0., 0., 0., 0., 0., 0., 0., 0., 1., 0., 0., 0., 0., 0., 0., 0., 0., 0., 0., 0., 0.],
       [0., 0., 0., 0., 0., 0., 0., 0., 0., 0., 0., 0., 0., 1., 0., 0., 0., 0., 0., 0., 0., 0., 1., 0., 0., 0., 0., 0., 0., 0., 0., 0., 0., 0., 0.],
       [0., 0., 0., 0., 0., 0., 0., 0., 0., 0., 0., 0., 1., 0., 0., 0., 0., 0., 0., 0., 0., 0., 1., 0., 0., 0., 0., 0., 0., 0., 0., 0., 0., 0., 0.],
       [0., 1., 0., 1., 0., 0., 0., 0., 0., 0., 0., 0., 0., 0., 0., 0., 0., 0., 0., 0., 0., 0., 1., 0., 0., 0., 0., 0., 0., 0., 0., 0., 0., 0., 0.],
       [0., 0., 0., 1., 0., 0., 1., 0., 0., 0., 0., 0., 0., 0., 0., 0., 0., 0., 0., 0., 0., 0., 1., 0., 0., 0., 0., 0., 0., 0., 0., 0., 0., 0., 0.],
       [0., 0., 0., 1., 0., 0., 0., 0., 0., 0., 0., 0., 1., 0., 0., 0., 0., 0., 0., 0., 0., 0., 1., 0., 0., 0., 0., 0., 0., 0., 0., 0., 0., 0., 0.],
       [0., 0., 0., 0., 0., 0., 0., 0., 0., 0., 0., 1., 0., 0., 0., 0., 0., 0., 0., 0., 0., 0., 1., 0., 0., 0., 0., 0., 0., 0., 0., 0., 0., 0., 0.],
       [0., 0., 0., 0., 0., 0., 0., 0., 0., 0., 0., 0., 0., 0., 0., 0., 0., 0., 0., 0., 0., 0., 0., 1., 0., 0., 0., 0., 0., 0., 0., 0., 0., 0., 0.],
       [0., 0., 0., 0., 1., 0., 0., 0., 0., 0., 0., 0., 0., 0., 0., 0., 0., 0., 0., 0., 0., 0., 0., 1., 0., 0., 0., 0., 0., 0., 0., 0., 0., 0., 0.],
       [0., 0., 0., 0., 0., 0., 0., 0., 1., 0., 0., 0., 0., 0., 0., 0., 0., 0., 0., 0., 0., 0., 0., 1., 0., 0., 0., 0., 0., 0., 0., 0., 0., 0., 0.],
       [0., 0., 0., 0., 0., 0., 0., 0., 0., 0., 0., 0., 0., 0., 1., 0., 0., 0., 0., 0., 0., 0., 0., 1., 0., 0., 0., 0., 0., 0., 0., 0., 0., 0., 0.],
       [0., 0., 0., 0., 0., 0., 0., 0., 0., 0., 0., 0., 0., 0., 0., 1., 0., 0., 0., 0., 0., 0., 0., 1., 0., 0., 0., 0., 0., 0., 0., 0., 0., 0., 0.],
       [0., 0., 0., 0., 0., 0., 0., 0., 0., 0., 0., 0., 0., 0., 0., 0., 0., 0., 0., 0., 0., 0., 0., 0., 1., 0., 0., 0., 0., 0., 0., 0., 0., 0., 0.],
       [0., 0., 0., 0., 0., 0., 0., 0., 0., 0., 0., 0., 0., 0., 0., 0., 0., 0., 0., 0., 0., 0., 0., 0., 0., 1., 0., 0., 0., 0., 0., 0., 0., 0., 0.],
       [0., 1., 0., 0., 0., 0., 0., 0., 0., 0., 0., 0., 0., 0., 0., 0., 0., 0., 0., 0., 0., 0., 0., 0., 0., 0., 1., 0., 0., 0., 0., 0., 0., 0., 0.],
       [0., 0., 0., 0., 0., 0., 1., 0., 0., 0., 0., 0., 0., 0., 0., 0., 0., 0., 0., 0., 0., 0., 0., 0., 0., 0., 1., 0., 0., 0., 0., 0., 0., 0., 0.],
       [0., 0., 0., 0., 0., 0., 0., 0., 0., 0., 0., 0., 1., 0., 0., 0., 0., 0., 0., 0., 0., 0., 0., 0., 0., 0., 1., 0., 0., 0., 0., 0., 0., 0., 0.],
       [0., 0., 0., 0., 0., 0., 0., 0., 0., 0., 0., 0., 0., 0., 0., 0., 0., 0., 0., 0., 0., 0., 0., 0., 0., 0., 0., 1., 0., 0., 0., 0., 0., 0., 0.],
       [0., 0., 0., 0., 0., 0., 0., 0., 0., 0., 0., 0., 0., 0., 0., 0., 0., 0., 0., 0., 0., 0., 0., 0., 0., 0., 0., 0., 1., 0., 0., 0., 0., 0., 0.],
       [0., 1., 0., 0., 0., 0., 0., 0., 0., 0., 0., 0., 0., 0., 0., 0., 0., 0., 0., 0., 0., 0., 0., 0., 0., 0., 0., 0., 0., 1., 0., 0., 0., 0., 0.],
       [0., 0., 0., 0., 0., 0., 1., 0., 0., 0., 0., 0., 0., 0., 0., 0., 0., 0., 0., 0., 0., 0., 0., 0., 0., 0., 0., 0., 0., 1., 0., 0., 0., 0., 0.],
       [0., 0., 0., 0., 0., 0., 0., 0., 0., 0., 0., 0., 0., 0., 0., 0., 0., 0., 0., 0., 0., 0., 0., 0., 0., 0., 0., 0., 0., 0., 1., 0., 0., 0., 0.],
       [0., 0., 0., 0., 1., 0., 0., 0., 0., 0., 0., 0., 0., 0., 0., 0., 0., 0., 0., 0., 0., 0., 0., 0., 0., 0., 0., 0., 0., 0., 0., 0., 0., 0., 0.],
       [0., 1., 0., 0., 0., 0., 0., 0., 0., 0., 1., 0., 0., 0., 0., 0., 0., 0., 0., 0., 0., 0., 0., 0., 0., 0., 0., 0., 0., 0., 0., 0., 0., 0., 0.],
       [0., 0., 0., 0., 0., 0., 1., 0., 0., 0., 1., 0., 0., 0., 0., 0., 0., 0., 0., 0., 0., 0., 0., 0., 0., 0., 0., 0., 0., 0., 0., 0., 0., 0., 0.],
       [0., 0., 0., 0., 0., 0., 0., 0., 0., 0., 1., 0., 1., 0., 0., 0., 0., 0., 0., 0., 0., 0., 0., 0., 0., 0., 0., 0., 0., 0., 0., 0., 0., 0., 0.],
       [0., 0., 0., 0., 0., 0., 0., 0., 0., 0., 0., 0., 0., 0., 0., 0., 0., 1., 0., 0., 0., 0., 0., 0., 0., 0., 0., 0., 0., 0., 0., 0., 0., 0., 0.],
       [0., 0., 0., 0., 0., 0., 0., 0., 1., 0., 0., 0., 0., 0., 0., 0., 0., 0., 0., 0., 0., 0., 0., 0., 0., 0., 0., 0., 0., 0., 0., 0., 0., 0., 0.],
       [0., 1., 0., 0., 0., 0., 0., 0., 0., 0., 0., 0., 0., 1., 0., 0., 0., 0., 0., 0., 0., 0., 0., 0., 0., 0., 0., 0., 0., 0., 0., 0., 0., 0., 0.],
       [0., 0., 0., 0., 0., 0., 1., 0., 0., 0., 0., 0., 0., 1., 0., 0., 0., 0., 0., 0., 0., 0., 0., 0., 0., 0., 0., 0., 0., 0., 0., 0., 0., 0., 0.],
       [0., 0., 0., 0., 0., 0., 0., 0., 0., 0., 0., 0., 1., 1., 0., 0., 0., 0., 0., 0., 0., 0., 0., 0., 0., 0., 0., 0., 0., 0., 0., 0., 0., 0., 0.],
       [0., 0., 0., 0., 0., 0., 0., 0., 0., 0., 0., 0., 0., 0., 0., 0., 0., 0., 1., 0., 0., 0., 0., 0., 0., 0., 0., 0., 0., 0., 0., 0., 0., 0., 0.],
       [0., 0., 0., 0., 0., 0., 0., 0., 0., 0., 0., 0., 0., 0., 0., 0., 0., 1., 0., 0., 0., 0., 0., 0., 0., 0., 0., 0., 0., 0., 0., 0., 0., 0., 0.],
       [0., 0., 0., 0., 0., 0., 0., 0., 0., 0., 0., 0., 0., 0., 0., 0., 0., 0., 1., 0., 0., 0., 0., 0., 0., 0., 0., 0., 0., 0., 0., 0., 0., 0., 0.],
       [0., 0., 0., 0., 0., 0., 0., 0., 0., 0., 0., 0., 0., 0., 1., 0., 0., 0., 0., 0., 0., 0., 0., 0., 0., 0., 0., 0., 0., 0., 0., 0., 0., 0., 0.],
       [0., 1., 0., 0., 0., 0., 0., 0., 0., 0., 0., 1., 0., 0., 0., 0., 0., 0., 0., 0., 0., 0., 0., 0., 0., 0., 0., 0., 0., 0., 0., 0., 0., 0., 0.],
       [0., 0., 0., 0., 0., 0., 1., 0., 0., 0., 0., 1., 0., 0., 0., 0., 0., 0., 0., 0., 0., 0., 0., 0., 0., 0., 0., 0., 0., 0., 0., 0., 0., 0., 0.],
       [0., 0., 0., 0., 0., 0., 0., 0., 0., 0., 0., 1., 1., 0., 0., 0., 0., 0., 0., 0., 0., 0., 0., 0., 0., 0., 0., 0., 0., 0., 0., 0., 0., 0., 0.],
       [0., 0., 0., 0., 0., 0., 0., 0., 0., 0., 0., 0., 0., 0., 0., 0., 0., 0., 0., 1., 0., 0., 0., 0., 0., 0., 0., 0., 0., 0., 0., 0., 0., 0., 0.],
       [0., 0., 0., 0., 0., 0., 0., 0., 0., 0., 0., 0., 0., 0., 0., 1., 0., 0., 0., 0., 0., 0., 0., 0., 0., 0., 0., 0., 0., 0., 0., 1., 0., 0., 0.],
       [0., 0., 0., 0., 1., 0., 0., 0., 0., 0., 0., 0., 0., 0., 0., 0., 0., 0., 0., 0., 0., 0., 0., 0., 0., 0., 0., 0., 0., 0., 0., 1., 0., 0., 0.],
       [0., 0., 0., 0., 0., 0., 0., 0., 1., 0., 0., 0., 0., 0., 0., 0., 0., 0., 0., 0., 0., 0., 0., 0., 0., 0., 0., 0., 0., 0., 0., 1., 0., 0., 0.],
       [0., 0., 0., 0., 0., 0., 0., 0., 0., 0., 0., 0., 0., 0., 1., 0., 0., 0., 0., 0., 0., 0., 0., 0., 0., 0., 0., 0., 0., 0., 0., 1., 0., 0., 0.],
       [0., 0., 0., 0., 0., 0., 0., 0., 0., 0., 0., 0., 0., 0., 0., 1., 0., 0., 0., 0., 1., 0., 0., 0., 0., 0., 0., 0., 0., 0., 0., 1., 0., 0., 0.],
       [0., 0., 0., 0., 0., 0., 0., 0., 0., 0., 0., 1., 0., 1., 0., 0., 0., 0., 0., 0., 0., 0., 0., 0., 0., 0., 0., 0., 0., 0., 0., 0., 2., 0., 0.],
       [0., 0., 0., 0., 0., 0., 0., 0., 0., 0., 0., 1., 0., 0., 0., 0., 0., 0., 0., 0., 0., 0., 0., 0., 0., 0., 0., 0., 0., 1., 0., 0., 1., 1., 0.],
       [0., 0., 0., 0., 0., 0., 0., 0., 0., 0., 0., 1., 0., 0., 0., 0., 0., 0., 0., 0., 0., 0., 0., 0., 0., 0., 0., 0., 0., 1., 0., 0., 1., 0., 1.],
       [0., 0., 0., 0., 0., 0., 0., 0., 0., 0., 0., 1., 0., 0., 0., 0., 0., 0., 0., 0., 0., 0., 0., 0., 0., 0., 0., 0., 0., 1., 0., 0., 2., 0., 0.],
       [0., 0., 0., 0., 0., 0., 0., 0., 0., 0., 0., 1., 0., 1., 0., 0., 0., 0., 0., 0., 0., 0., 0., 0., 0., 0., 0., 0., 0., 0., 0., 0., 1., 1., 0.],
       [0., 0., 0., 0., 0., 0., 0., 0., 0., 0., 0., 0., 0., 0., 0., 0., 0., 0., 0., 0., 0., 0., 0., 0., 0., 0., 0., 0., 0., 2., 0., 0., 2., 0., 0.],
       [0., 0., 0., 0., 0., 0., 0., 0., 0., 0., 0., 1., 0., 0., 0., 0., 0., 0., 0., 0., 0., 0., 0., 0., 0., 0., 1., 0., 0., 0., 0., 0., 1., 0., 1.],
       [0., 0., 0., 0., 0., 0., 0., 0., 0., 0., 0., 0., 0., 0., 0., 0., 0., 0., 0., 0., 0., 0., 1., 0., 0., 0., 0., 0., 0., 1., 0., 0., 0., 1., 1.],
       [0., 0., 0., 0., 0., 0., 0., 0., 0., 0., 0., 1., 0., 0., 0., 0., 0., 0., 0., 0., 0., 0., 0., 0., 0., 0., 0., 0., 0., 1., 0., 0., 0., 1., 1.],
       [0., 0., 0., 1., 0., 0., 0., 0., 0., 0., 0., 0., 1., 0., 0., 0., 0., 0., 0., 0., 0., 0., 0., 0., 0., 0., 0., 0., 0., 1., 0., 0., 0., 1., 0.],
       [0., 0., 0., 0., 0., 0., 0., 0., 0., 0., 0., 0., 0., 1., 0., 0., 0., 0., 0., 0., 0., 0., 0., 0., 0., 0., 0., 0., 0., 1., 0., 0., 0., 2., 0.],
       [0., 0., 0., 0., 0., 0., 0., 0., 0., 0., 0., 1., 0., 0., 0., 0., 0., 0., 0., 0., 0., 0., 0., 0., 0., 0., 1., 0., 0., 0., 0., 0., 0., 1., 1.],
       [0., 0., 0., 0., 0., 0., 0., 0., 0., 0., 1., 0., 0., 0., 0., 0., 0., 0., 0., 0., 0., 0., 0., 0., 0., 0., 0., 0., 0., 1., 0., 0., 0., 1., 1.],
       [0., 0., 0., 0., 0., 0., 0., 0., 0., 0., 0., 1., 0., 0., 0., 0., 0., 0., 0., 0., 0., 0., 0., 0., 0., 0., 1., 0., 0., 0., 0., 0., 0., 1., 1.],
       [0., 0., 0., 0., 0., 0., 0., 0., 0., 0., 0., 1., 0., 1., 0., 0., 0., 0., 0., 0., 0., 0., 0., 0., 0., 0., 0., 0., 0., 0., 0., 0., 0., 1., 1.],
       [0., 0., 0., 1., 0., 0., 0., 0., 0., 0., 0., 1., 0., 0., 0., 0., 0., 0., 0., 0., 0., 0., 0., 0., 0., 0., 0., 0., 0., 1., 0., 0., 0., 1., 0.],
       [0., 2., 0., 1., 0., 0., 0., 0., 0., 0., 0., 0., 0., 0., 0., 0., 0., 0., 0., 0., 0., 0., 0., 0., 0., 0., 0., 0., 0., 0., 0., 0., 0., 1., 0.],
       [0., 1., 0., 0., 0., 0., 0., 0., 0., 0., 0., 0., 1., 0., 0., 0., 0., 0., 0., 0., 0., 0., 0., 0., 0., 0., 0., 0., 0., 0., 0., 0., 0., 1., 1.],
       [0., 0., 0., 0., 0., 0., 0., 0., 0., 0., 0., 1., 0., 0., 0., 0., 0., 0., 0., 0., 0., 0., 1., 0., 0., 0., 0., 0., 0., 0., 0., 0., 0., 1., 1.],
       [0., 0., 0., 0., 0., 0., 0., 1., 0., 0., 0., 0., 0., 1., 0., 0., 0., 0., 0., 0., 0., 0., 0., 0., 0., 0., 1., 0., 0., 0., 0., 0., 0., 0., 1.],
       [0., 0., 0., 0., 0., 0., 0., 1., 0., 0., 0., 0., 1., 0., 0., 0., 0., 0., 0., 0., 0., 0., 1., 0., 0., 0., 0., 0., 0., 0., 0., 0., 0., 0., 1.],
       [0., 0., 1., 0., 0., 0., 1., 0., 0., 0., 0., 0., 1., 0., 0., 0., 0., 0., 0., 0., 0., 0., 0., 0., 0., 0., 0., 0., 0., 0., 0., 0., 0., 1., 0.],
       [0., 2., 1., 0., 0., 0., 0., 0., 0., 0., 0., 0., 0., 0., 0., 0., 0., 0., 0., 0., 0., 0., 0., 0., 0., 0., 0., 0., 0., 0., 0., 0., 0., 1., 0.],
       [0., 0., 0., 0., 0., 0., 0., 1., 0., 0., 0., 0., 0., 0., 0., 0., 0., 0., 0., 0., 0., 0., 1., 0., 0., 0., 1., 0., 0., 0., 0., 0., 0., 0., 1.],
       [0., 0., 0., 0., 0., 0., 0., 1., 0., 0., 0., 0., 0., 0., 0., 0., 0., 0., 0., 0., 0., 0., 0., 0., 0., 0., 1., 0., 0., 1., 0., 0., 0., 0., 1.],
       [0., 0., 0., 0., 0., 0., 0., 1., 0., 0., 1., 0., 0., 0., 0., 0., 0., 0., 0., 0., 0., 0., 0., 0., 0., 0., 1., 0., 0., 0., 0., 0., 0., 0., 1.],
       [0., 0., 1., 0., 0., 0., 0., 0., 0., 0., 0., 0., 0., 0., 0., 0., 0., 0., 0., 0., 0., 0., 0., 0., 0., 0., 2., 0., 0., 0., 0., 0., 0., 1., 0.],
       [0., 0., 1., 0., 0., 0., 0., 0., 0., 0., 0., 0., 0., 1., 0., 0., 0., 0., 0., 0., 0., 0., 1., 0., 0., 0., 0., 0., 0., 0., 0., 0., 1., 0., 0.],
       [0., 0., 0., 0., 0., 0., 0., 0., 0., 0., 0., 0., 0., 0., 0., 0., 0., 0., 0., 0., 0., 0., 0., 0., 0., 0., 1., 0., 0., 1., 0., 0., 1., 0., 1.],
       [0., 1., 0., 1., 0., 0., 0., 0., 0., 0., 0., 0., 0., 0., 0., 0., 0., 0., 0., 0., 0., 0., 1., 0., 0., 0., 0., 0., 0., 0., 0., 0., 1., 0., 0.],
       [0., 0., 0., 0., 0., 0., 0., 0., 0., 0., 0., 0., 0., 0., 0., 0., 0., 0., 0., 0., 0., 0., 1., 0., 0., 0., 0., 0., 0., 1., 0., 0., 0., 0., 2.],
       [0., 0., 0., 1., 0., 0., 0., 0., 0., 0., 2., 0., 0., 0., 0., 0., 0., 0., 0., 0., 0., 0., 0., 0., 0., 0., 0., 0., 0., 0., 0., 0., 0., 0., 1.],
       [0., 1., 0., 0., 0., 0., 0., 0., 0., 0., 0., 0., 0., 0., 0., 0., 0., 0., 0., 0., 0., 0., 0., 0., 0., 0., 1., 0., 0., 0., 0., 0., 0., 1., 1.],
       [0., 0., 1., 0., 0., 0., 0., 0., 0., 0., 0., 0., 0., 0., 0., 0., 0., 0., 0., 0., 0., 0., 0., 0., 0., 0., 0., 0., 0., 2., 0., 0., 0., 0., 1.],
       [0., 0., 1., 0., 0., 0., 0., 0., 0., 0., 0., 0., 0., 0., 0., 0., 0., 0., 0., 0., 0., 0., 0., 0., 0., 0., 2., 0., 0., 0., 0., 0., 0., 1., 0.],
       [0., 0., 1., 0., 0., 0., 1., 0., 0., 0., 0., 0., 0., 0., 0., 0., 0., 0., 0., 0., 0., 0., 0., 0., 0., 0., 0., 0., 0., 1., 0., 0., 0., 0., 1.],
       [0., 0., 1., 0., 0., 0., 0., 0., 0., 0., 0., 0., 1., 1., 0., 0., 0., 0., 0., 0., 0., 0., 0., 0., 0., 0., 0., 0., 0., 0., 0., 0., 0., 1., 0.],
       [0., 0., 0., 0., 0., 0., 0., 1., 0., 0., 0., 1., 0., 1., 0., 0., 0., 0., 0., 0., 0., 0., 0., 0., 0., 0., 0., 0., 0., 0., 0., 0., 0., 0., 1.],
       [0., 0., 0., 1., 0., 0., 1., 1., 0., 0., 0., 0., 0., 1., 0., 0., 0., 0., 0., 0., 0., 0., 0., 0., 0., 0., 0., 0., 0., 0., 0., 0., 0., 0., 0.],
       [0., 0., 0., 1., 0., 0., 0., 0., 0., 0., 0., 1., 0., 0., 0., 0., 0., 0., 0., 0., 0., 0., 0., 0., 0., 0., 0., 0., 0., 1., 0., 0., 1., 0., 0.],
       [0., 0., 1., 1., 0., 0., 0., 0., 0., 0., 1., 0., 0., 1., 0., 0., 0., 0., 0., 0., 0., 0., 0., 0., 0., 0., 0., 0., 0., 0., 0., 0., 0., 0., 0.],
       [0., 0., 0., 0., 0., 0., 0., 0., 0., 0., 0., 0., 0., 0., 0., 0., 0., 0., 0., 0., 0., 0., 1., 0., 0., 0., 1., 0., 0., 0., 0., 0., 0., 1., 1.],
       [0., 0., 1., 1., 0., 0., 0., 0., 0., 0., 0., 0., 0., 1., 0., 0., 0., 0., 0., 0., 0., 0., 0., 0., 0., 0., 0., 0., 0., 1., 0., 0., 0., 0., 0.],
       [0., 0., 0., 0., 0., 0., 0., 0., 0., 0., 0., 1., 0., 0., 0., 0., 0., 0., 0., 0., 0., 0., 0., 0., 0., 0., 1., 0., 0., 0., 0., 0., 0., 0., 2.],
       [0., 0., 0., 1., 0., 0., 0., 1., 0., 0., 1., 1., 0., 0., 0., 0., 0., 0., 0., 0., 0., 0., 0., 0., 0., 0., 0., 0., 0., 0., 0., 0., 0., 0., 0.],
       [0., 0., 1., 0., 0., 0., 1., 0., 0., 0., 1., 0., 0., 0., 0., 0., 0., 0., 0., 0., 0., 0., 0., 0., 0., 0., 0., 0., 0., 0., 0., 0., 0., 1., 0.]])


Ir Configuration Matrix-2nd NN
## 19 features
features=np.array(
['C(C)(Ir)3', 'C(C)(H)(Ir)2', 'C(C)2(Ir)2', 'C(C)2(H)2', 'O(C)2', 'C(C)(H)2(O)', 'C(C)(O)(Ir)2', 'C(C)2(H)(Ir)', 'C(C)(H)2(Ir)', 'C(C)(H)3', 'O(C)(H)', 'O(=C)', 'O(H)(O)', 'C(C)2(H)(O)', 'C(C)(H)(O)(Ir)', 'C(C)2(=O)', 'C(C)(H)(=O)', 'C(C)2(O)(Ir)', 'C(C)(Ir)(=O)']
)
A2 = np.array([[2., 0., 0., 0., 0., 0., 0., 0., 0., 0., 0., 0., 0., 0., 0., 0., 0., 0., 0.],
       [2., 0., 0., 0., 0., 0., 0., 0., 0., 0., 0., 0., 0., 0., 0., 0., 0., 0., 0.],
       [1., 1., 0., 0., 0., 0., 0., 0., 0., 0., 0., 0., 0., 0., 0., 0., 0., 0., 0.],
       [0., 2., 0., 0., 0., 0., 0., 0., 0., 0., 0., 0., 0., 0., 0., 0., 0., 0., 0.],
       [1., 1., 0., 0., 0., 0., 0., 0., 0., 0., 0., 0., 0., 0., 0., 0., 0., 0., 0.],
       [0., 2., 0., 0., 0., 0., 0., 0., 0., 0., 0., 0., 0., 0., 0., 0., 0., 0., 0.],
       [1., 1., 0., 0., 0., 0., 0., 0., 0., 0., 0., 0., 0., 0., 0., 0., 0., 0., 0.],
       [0., 2., 0., 0., 0., 0., 0., 0., 0., 0., 0., 0., 0., 0., 0., 0., 0., 0., 0.],
       [2., 0., 0., 0., 0., 0., 0., 0., 0., 0., 0., 0., 0., 0., 0., 0., 0., 0., 0.],
       [0., 0., 6., 0., 0., 0., 0., 0., 0., 0., 0., 0., 0., 0., 0., 0., 0., 0., 0.],
       [0., 0., 2., 4., 0., 0., 0., 0., 0., 0., 0., 0., 0., 0., 0., 0., 0., 0., 0.],
       [0., 0., 0., 0., 2., 1., 1., 0., 0., 0., 0., 0., 0., 0., 0., 0., 0., 0., 0.],
       [0., 0., 2., 0., 0., 0., 0., 4., 0., 0., 0., 0., 0., 0., 0., 0., 0., 0., 0.],
       [0., 0., 0., 0., 0., 0., 0., 6., 0., 0., 0., 0., 0., 0., 0., 0., 0., 0., 0.],
       [0., 0., 0., 4., 0., 0., 0., 2., 0., 0., 0., 0., 0., 0., 0., 0., 0., 0., 0.],
       [1., 0., 0., 0., 0., 0., 0., 0., 1., 0., 0., 0., 0., 0., 0., 0., 0., 0., 0.],
       [0., 1., 0., 0., 0., 0., 0., 0., 1., 0., 0., 0., 0., 0., 0., 0., 0., 0., 0.],
       [0., 0., 0., 0., 0., 0., 0., 0., 2., 0., 0., 0., 0., 0., 0., 0., 0., 0., 0.],
       [0., 0., 0., 0., 0., 0., 0., 0., 1., 0., 0., 0., 0., 0., 0., 0., 0., 0., 0.],
       [1., 0., 0., 0., 0., 0., 0., 0., 1., 0., 0., 0., 0., 0., 0., 0., 0., 0., 0.],
       [0., 1., 0., 0., 0., 0., 0., 0., 1., 0., 0., 0., 0., 0., 0., 0., 0., 0., 0.],
       [0., 0., 0., 0., 0., 0., 0., 0., 2., 0., 0., 0., 0., 0., 0., 0., 0., 0., 0.],
       [0., 0., 0., 0., 0., 0., 0., 0., 1., 0., 0., 0., 0., 0., 0., 0., 0., 0., 0.],
       [1., 0., 0., 0., 0., 0., 0., 0., 1., 0., 0., 0., 0., 0., 0., 0., 0., 0., 0.],
       [0., 1., 0., 0., 0., 0., 0., 0., 1., 0., 0., 0., 0., 0., 0., 0., 0., 0., 0.],
       [0., 0., 0., 0., 0., 0., 0., 0., 2., 0., 0., 0., 0., 0., 0., 0., 0., 0., 0.],
       [0., 0., 0., 0., 0., 0., 0., 0., 1., 0., 0., 0., 0., 0., 0., 0., 0., 0., 0.],
       [1., 0., 0., 0., 0., 0., 0., 0., 0., 0., 0., 0., 0., 0., 0., 0., 0., 0., 0.],
       [0., 1., 0., 0., 0., 0., 0., 0., 0., 0., 0., 0., 0., 0., 0., 0., 0., 0., 0.],
       [1., 0., 0., 0., 0., 0., 0., 0., 0., 0., 0., 0., 0., 0., 0., 0., 0., 0., 0.],
       [0., 1., 0., 0., 0., 0., 0., 0., 0., 0., 0., 0., 0., 0., 0., 0., 0., 0., 0.],
       [1., 0., 0., 0., 0., 0., 0., 0., 0., 1., 0., 0., 0., 0., 0., 0., 0., 0., 0.],
       [0., 1., 0., 0., 0., 0., 0., 0., 0., 1., 0., 0., 0., 0., 0., 0., 0., 0., 0.],
       [0., 0., 0., 0., 0., 0., 0., 0., 1., 1., 0., 0., 0., 0., 0., 0., 0., 0., 0.],
       [0., 0., 0., 0., 0., 0., 0., 0., 0., 1., 0., 0., 0., 0., 0., 0., 0., 0., 0.],
       [1., 0., 0., 0., 0., 0., 0., 0., 0., 1., 0., 0., 0., 0., 0., 0., 0., 0., 0.],
       [0., 1., 0., 0., 0., 0., 0., 0., 0., 1., 0., 0., 0., 0., 0., 0., 0., 0., 0.],
       [0., 0., 0., 0., 0., 0., 0., 0., 1., 1., 0., 0., 0., 0., 0., 0., 0., 0., 0.],
       [0., 0., 0., 0., 0., 0., 0., 0., 0., 1., 0., 0., 0., 0., 0., 0., 0., 0., 0.],
       [0., 0., 0., 0., 0., 0., 0., 0., 0., 2., 0., 0., 0., 0., 0., 0., 0., 0., 0.],
       [0., 0., 0., 0., 0., 0., 0., 0., 0., 2., 0., 0., 0., 0., 0., 0., 0., 0., 0.],
       [0., 0., 0., 0., 0., 0., 0., 0., 0., 1., 1., 0., 0., 0., 0., 0., 0., 0., 0.],
       [0., 0., 0., 0., 0., 0., 0., 0., 0., 1., 1., 0., 0., 0., 0., 0., 0., 0., 0.],
       [1., 0., 0., 0., 0., 0., 0., 0., 0., 1., 0., 0., 0., 0., 0., 0., 0., 0., 0.],
       [0., 1., 0., 0., 0., 0., 0., 0., 0., 1., 0., 0., 0., 0., 0., 0., 0., 0., 0.],
       [0., 0., 0., 0., 0., 0., 0., 0., 1., 1., 0., 0., 0., 0., 0., 0., 0., 0., 0.],
       [0., 0., 0., 0., 0., 0., 0., 0., 0., 1., 0., 0., 0., 0., 0., 0., 0., 0., 0.],
       [1., 0., 0., 0., 0., 0., 0., 0., 0., 0., 0., 1., 0., 0., 0., 0., 0., 0., 0.],
       [0., 1., 0., 0., 0., 0., 0., 0., 0., 0., 0., 1., 0., 0., 0., 0., 0., 0., 0.],
       [0., 0., 0., 0., 0., 0., 0., 0., 1., 0., 0., 1., 0., 0., 0., 0., 0., 0., 0.],
       [0., 0., 0., 0., 0., 0., 0., 0., 0., 0., 0., 1., 0., 0., 0., 0., 0., 0., 0.],
       [1., 0., 0., 0., 0., 0., 0., 0., 0., 0., 0., 1., 0., 0., 0., 0., 0., 0., 0.],
       [0., 1., 0., 0., 0., 0., 0., 0., 0., 0., 0., 1., 0., 0., 0., 0., 0., 0., 0.],
       [0., 0., 0., 0., 0., 0., 0., 0., 0., 0., 0., 1., 0., 0., 0., 0., 0., 0., 0.],
       [1., 0., 0., 0., 0., 0., 0., 0., 0., 0., 1., 0., 0., 0., 0., 0., 0., 0., 0.],
       [0., 1., 0., 0., 0., 0., 0., 0., 0., 0., 1., 0., 0., 0., 0., 0., 0., 0., 0.],
       [0., 0., 0., 0., 0., 0., 0., 0., 1., 0., 1., 0., 0., 0., 0., 0., 0., 0., 0.],
       [0., 0., 0., 0., 0., 0., 0., 0., 0., 0., 1., 0., 0., 0., 0., 0., 0., 0., 0.],
       [1., 0., 0., 0., 0., 0., 0., 0., 0., 0., 1., 0., 0., 0., 0., 0., 0., 0., 0.],
       [0., 1., 0., 0., 0., 0., 0., 0., 0., 0., 1., 0., 0., 0., 0., 0., 0., 0., 0.],
       [0., 0., 0., 0., 0., 0., 0., 0., 1., 0., 1., 0., 0., 0., 0., 0., 0., 0., 0.],
       [0., 0., 0., 0., 0., 0., 0., 0., 0., 0., 1., 0., 0., 0., 0., 0., 0., 0., 0.],
       [0., 0., 0., 0., 0., 0., 0., 0., 0., 0., 2., 0., 0., 0., 0., 0., 0., 0., 0.],
       [0., 0., 0., 0., 0., 0., 0., 0., 0., 0., 2., 0., 0., 0., 0., 0., 0., 0., 0.],
       [1., 0., 0., 0., 0., 0., 0., 0., 0., 0., 1., 0., 0., 0., 0., 0., 0., 0., 0.],
       [0., 1., 0., 0., 0., 0., 0., 0., 0., 0., 1., 0., 0., 0., 0., 0., 0., 0., 0.],
       [0., 0., 0., 0., 0., 0., 0., 0., 1., 0., 1., 0., 0., 0., 0., 0., 0., 0., 0.],
       [0., 0., 0., 0., 0., 0., 0., 0., 0., 0., 1., 0., 0., 0., 0., 0., 0., 0., 0.],
       [0., 0., 0., 0., 0., 0., 0., 0., 0., 0., 0., 0., 1., 0., 0., 0., 0., 0., 0.],
       [0., 0., 0., 0., 0., 2., 0., 0., 0., 0., 3., 0., 0., 6., 2., 0., 0., 0., 0.],
       [0., 0., 0., 0., 0., 2., 0., 0., 0., 0., 3., 3., 0., 3., 0., 3., 2., 0., 0.],
       [0., 0., 0., 0., 0., 2., 0., 0., 0., 0., 3., 1., 0., 3., 0., 0., 2., 3., 0.],
       [0., 0., 0., 0., 0., 2., 0., 0., 0., 0., 5., 1., 0., 6., 0., 0., 2., 0., 0.],
       [0., 0., 0., 0., 0., 2., 0., 0., 0., 0., 2., 2., 0., 3., 2., 3., 0., 0., 0.],
       [0., 0., 0., 0., 0., 0., 0., 0., 0., 0., 4., 2., 0., 6., 0., 0., 4., 0., 0.],
       [0., 0., 0., 0., 0., 2., 0., 0., 0., 0., 1., 1., 0., 3., 0., 0., 0., 3., 2.],
       [0., 0., 0., 0., 0., 0., 0., 0., 0., 2., 0., 3., 0., 0., 0., 2., 2., 3., 0.],
       [0., 0., 0., 0., 0., 2., 0., 0., 0., 0., 1., 3., 0., 0., 0., 3., 2., 3., 0.],
       [0., 0., 0., 3., 0., 0., 0., 0., 2., 0., 0., 3., 0., 0., 0., 1., 1., 0., 0.],
       [0., 0., 0., 0., 0., 0., 0., 0., 0., 0., 0., 5., 0., 0., 2., 6., 2., 0., 0.],
       [0., 0., 0., 0., 0., 2., 0., 0., 0., 0., 0., 3., 0., 0., 0., 3., 0., 3., 2.],
       [0., 0., 0., 0., 0., 0., 2., 0., 0., 0., 1., 3., 0., 0., 0., 3., 2., 3., 0.],
       [0., 0., 0., 0., 0., 2., 0., 0., 0., 0., 1., 3., 0., 0., 0., 3., 0., 3., 2.],
       [0., 0., 0., 0., 0., 2., 0., 0., 0., 0., 0., 2., 0., 0., 2., 3., 0., 3., 0.],
       [0., 0., 0., 3., 0., 2., 0., 0., 0., 0., 1., 3., 0., 0., 0., 2., 1., 0., 0.],
       [3., 0., 0., 2., 0., 0., 0., 0., 0., 0., 0., 2., 0., 0., 0., 1., 0., 0., 0.],
       [2., 0., 0., 0., 0., 0., 0., 0., 2., 0., 2., 2., 0., 0., 0., 2., 0., 2., 0.],
       [0., 0., 0., 0., 0., 2., 0., 0., 0., 2., 1., 2., 0., 0., 0., 2., 0., 3., 0.],
       [0., 0., 0., 0., 0., 0., 0., 3., 0., 0., 1., 1., 0., 0., 2., 0., 0., 2., 1.],
       [0., 0., 0., 0., 0., 0., 0., 2., 2., 1., 0., 0., 0., 0., 0., 0., 0., 1., 0.],
       [0., 2., 2., 0., 0., 0., 0., 0., 1., 0., 0., 2., 0., 0., 0., 1., 0., 0., 0.],
       [3., 0., 2., 0., 0., 0., 0., 0., 0., 0., 0., 2., 0., 0., 0., 1., 0., 0., 0.],
       [0., 0., 0., 0., 0., 0., 0., 2., 0., 1., 0., 1., 0., 0., 0., 0., 0., 2., 2.],
       [0., 0., 0., 0., 0., 0., 0., 3., 0., 0., 2., 2., 0., 0., 0., 0., 2., 2., 1.],
       [0., 0., 0., 0., 0., 0., 1., 3., 0., 0., 3., 1., 0., 0., 0., 0., 0., 2., 2.],
       [0., 0., 3., 0., 0., 0., 0., 0., 0., 0., 0., 4., 0., 0., 0., 2., 0., 0., 3.],
       [0., 0., 3., 0., 0., 0., 0., 0., 0., 2., 1., 0., 0., 1., 1., 0., 0., 0., 0.],
       [0., 0., 0., 0., 0., 0., 0., 0., 0., 0., 4., 2., 0., 3., 0., 0., 2., 3., 2.],
       [2., 0., 0., 2., 0., 0., 0., 0., 0., 1., 2., 0., 0., 1., 0., 0., 0., 0., 0.],
       [0., 0., 0., 0., 0., 0., 0., 0., 0., 2., 4., 1., 0., 0., 0., 0., 2., 5., 0.],
       [0., 0., 0., 3., 0., 0., 3., 0., 0., 0., 4., 0., 0., 0., 0., 0., 0., 2., 0.],
       [2., 0., 0., 0., 0., 0., 0., 0., 0., 0., 0., 3., 0., 0., 0., 3., 0., 2., 2.],
       [0., 0., 3., 0., 0., 0., 0., 0., 0., 0., 2., 2., 0., 0., 0., 0., 3., 2., 0.],
       [0., 0., 3., 0., 0., 0., 0., 0., 0., 0., 0., 4., 0., 0., 0., 2., 0., 0., 3.],
       [0., 1., 2., 0., 0., 0., 0., 0., 0., 0., 2., 1., 0., 0., 0., 0., 2., 2., 0.],
       [0., 0., 2., 0., 0., 0., 0., 0., 1., 0., 0., 2., 0., 0., 2., 2., 0., 0., 0.],
       [0., 0., 0., 0., 0., 1., 0., 3., 0., 0., 1., 0., 0., 0., 2., 0., 0., 2., 0.],
       [0., 1., 0., 1., 0., 0., 0., 2., 0., 0., 0., 0., 0., 0., 1., 0., 0., 0., 0.],
       [0., 0., 0., 3., 0., 1., 0., 0., 0., 0., 1., 1., 0., 2., 0., 0., 2., 0., 0.],
       [0., 0., 2., 2., 0., 0., 1., 0., 0., 0., 2., 0., 0., 0., 1., 0., 0., 0., 0.],
       [0., 0., 0., 0., 0., 0., 0., 0., 0., 2., 0., 3., 0., 0., 0., 2., 0., 3., 2.],
       [0., 0., 2., 2., 0., 0., 0., 0., 0., 0., 1., 1., 0., 0., 1., 0., 1., 0., 0.],
       [0., 0., 0., 0., 0., 2., 0., 0., 0., 0., 3., 1., 0., 0., 0., 0., 0., 6., 2.],
       [0., 0., 0., 2., 0., 1., 1., 2., 0., 0., 1., 0., 0., 0., 0., 0., 0., 0., 0.],
       [0., 1., 2., 0., 0., 0., 2., 0., 0., 0., 1., 2., 0., 0., 0., 2., 0., 0., 0.]])
